Data/Karate 34 78
10 20
1
Exact 0.11393404006958008
Data/Windsurfers 43 336
10 20
1
Exact 0.10949587821960449
Data/Dolphins 62 159
10 20
1
Exact 0.11491107940673828
Data/Lesmis 77 254
10 20
1
Exact 0.11631989479064941
Data/Adjnoun 112 425
10 20
1
Exact 0.12558412551879883
Data/Celegansneural 297 2148
10 20
1
Exact 0.1844348907470703
Data/Chicago 823 822
10 20
1
Exact 0.5390238761901855
Data/Hamster_full 2000 16098
10 20
1
Exact 4.725738048553467
Data/FacebookNIPS 4039 88234
10 20
1
Exact 34.94764304161072
Data/PowerGrid 4941 6594
10 20
1
Exact 62.52691912651062
Data/GrQc 4158 13422
10 20
1
Exact 36.82876801490784
Data/Reactome 5973 145778
10 20
1
Exact 106.17208003997803
Data/Route_views 6474 12572
10 20
1
Exact 132.22560596466064
Data/HighEnergy 5835 13815
10 20
1
Exact 102.15117597579956
Data/HepTh 8638 24806
10 20
1
Exact 311.2582161426544
Data/PrettyGoodPrivacy 10680 24316
10 20
1
Exact 581.0516951084137
Data/HepPh 11204 117619
10 20
1
Exact 676.0141520500183
Data/AstroPh 17903 196972
10 20
1
Exact 2634.8489739894867
Data/Internet 22963 48436
10 20
1
Exact 5604.82554602623
Data/CAIDA 26475 53381
10 20
1
Exact 8493.964980125427
Data/EnronEmail 33696 180811
10 20
1
Data/CondensedMatter 36458 171735
10 20
1
Exact 22533.88228082657
Data/Brightkite 56739 212945
10 20
1
