Data/Chicago 823 822
5 0
1
Random 3.409385681152344e-5 2670.963

Data/Chicago 823 822
5 20
5
Exact 0.3092989921569824 2403.7834 2244.9424 2108.265 2046.2783 1994.6802 1962.2073 1933.5853 1905.6886 1879.5833 1854.3625 1832.3322 1812.621 1794.2347 1776.2828 1758.6702 1741.7003 1725.9465 1711.4813 1697.5923 1683.7194
Approx:0.5 6.303067922592163 2403.7834 2244.9424 2108.265 2046.2783 1994.6802 1962.2073 1933.5853 1905.6886 1880.9226 1854.8748 1832.7958 1814.269 1796.7078 1778.9867 1761.0105 1743.9036 1726.2004 1710.694 1696.8016 1681.1044
topDegree 0.05319786071777344 2465.7107 2430.838 2407.802 2390.602 2306.7214 2276.5618 2253.097 2170.0293 2154.9695 2076.4912 2055.1343 2044.8666 2023.293 2007.3734 1994.5587 1983.6564 1974.0007 1965.2063 1957.0115 1949.2988
topCen 0.09958600997924805 2618.0674 2613.1138 2611.2498 2610.2986 2609.7131 2514.522 2505.4165 2501.954 2500.157 2499.036 2487.3503 2484.924 2483.8728 2483.277 2482.9192 2439.4011 2434.598 2432.7585 2431.766 2431.1545
Random 3.600120544433594e-5 2611.8728 2487.3247 2437.7432 2382.3562 2282.5732 2174.8494 2136.2134 2122.7036 2106.35 2078.852 2055.044 2036.9327 2018.6167 1975.5038 1950.0605 1933.6709 1924.2102 1912.3795 1885.0173 1874.2611

Data/Chicago 823 822
5 0
1
Random 3.409385681152344e-5 2602.7417

Data/Chicago 823 822
5 20
5
Exact 0.3153979778289795 2366.058 2205.3335 2120.269 2054.7656 2005.3184 1962.6761 1931.5837 1903.9275 1878.077 1854.1393 1833.8757 1814.057 1796.0306 1778.5912 1761.253 1744.2334 1728.2921 1712.8024 1697.9117 1684.0286
Approx:0.5 6.267988920211792 2366.058 2205.3335 2122.5918 2054.7656 2005.3184 1962.6761 1931.5837 1905.6617 1879.759 1855.8195 1837.6365 1819.8849 1800.5764 1780.9241 1763.5892 1747.8497 1730.843 1715.3636 1699.4636 1686.0033
topDegree 0.051525115966796875 2426.2751 2394.3184 2372.8938 2356.76 2284.2603 2256.6885 2235.0088 2196.5396 2180.14 2100.2114 2053.3306 2043.0795 2027.1399 2023.2102 2011.0619 2000.5846 1991.2025 1982.5968 1974.5493 1966.9196
topCen 0.10060501098632812 2555.1042 2550.616 2548.945 2548.0579 2547.5032 2502.8506 2497.848 2495.9314 2494.927 2494.2866 2487.3513 2485.8748 2485.2446 2484.894 2484.6653 2456.567 2453.243 2451.9487 2451.2646 2450.8218
Random 3.3855438232421875e-5 2528.7761 2445.3274 2272.8367 2144.0745 2077.3225 2053.952 2030.857 2010.5482 1993.0951 1977.923 1960.8923 1954.1072 1931.9755 1920.7137 1906.7383 1899.6449 1881.8171 1839.9814 1814.9126 1808.5295

Data/Chicago 823 822
5 0
1
Random 3.2901763916015625e-5 2691.5645

Data/Chicago 823 822
5 20
5
Exact 0.31407690048217773 2388.4883 2225.379 2094.4116 2027.4917 1976.233 1945.1019 1917.1534 1891.185 1865.4375 1840.5406 1820.3292 1801.4836 1783.2087 1765.3289 1747.9752 1731.0773 1716.1482 1701.3584 1686.9111 1673.0923
Approx:0.5 6.016045093536377 2396.8872 2225.379 2094.4116 2027.4917 1976.233 1948.2001 1917.1534 1891.3687 1865.4375 1840.9257 1821.4884 1804.1666 1785.3306 1767.4961 1749.2378 1732.0529 1714.8041 1699.8306 1686.5988 1671.8444
topDegree 0.050160884857177734 2452.6494 2414.8423 2390.1553 2371.9678 2278.2585 2246.0796 2221.3857 2137.076 2121.511 2042.3939 2003.25 1993.1965 1971.6405 1955.7577 1942.9624 1932.0714 1922.4329 1913.6332 1905.4594 1897.7352
topCen 0.10009193420410156 2646.8574 2642.5837 2640.9805 2640.1438 2639.614 2619.347 2616.7786 2615.8184 2615.2678 2614.9517 2611.0405 2610.2097 2609.821 2609.6313 2609.5217 2592.989 2590.9033 2590.0786 2589.6426 2589.355
Random 2.9087066650390625e-5 2667.5046 2550.9707 2372.013 2346.6184 2278.6165 2271.9392 2191.7158 2109.8032 2065.267 2035.4957 2009.8494 1996.581 1986.0421 1948.259 1934.6625 1895.0964 1886.1389 1865.2052 1850.1989 1838.6099

Data/Chicago 823 822
5 0
1
Random 3.504753112792969e-5 2728.88

Data/Chicago 823 822
5 20
5
Exact 0.33745694160461426 2432.334 2263.9426 2118.7588 2054.5205 2002.7803 1960.6141 1931.4595 1903.6405 1876.2234 1854.3329 1833.9261 1814.3076 1796.3655 1779.0671 1762.1084 1745.3506 1729.6893 1715.767 1701.858 1687.9991
Approx:0.5 5.98012900352478 2435.5469 2269.3508 2118.7588 2054.5205 2002.7803 1960.6141 1932.0001 1904.3608 1877.4105 1855.4011 1835.3473 1817.3842 1799.383 1782.0688 1765.0908 1748.701 1733.7188 1717.4962 1703.5187 1688.7178
topDegree 0.05195498466491699 2565.8042 2534.6177 2513.567 2497.6118 2424.1558 2395.685 2373.1604 2334.469 2317.2625 2237.0786 2223.8867 2212.094 2195.9468 2182.9893 2171.985 2162.2273 2153.374 2145.126 2137.3535 2114.7556
topCen 0.1016850471496582 2631.9048 2623.437 2620.2795 2618.617 2617.6187 2491.0452 2479.428 2475.0596 2472.79 2471.3782 2456.859 2453.8767 2452.5542 2451.8257 2451.3608 2398.7676 2393.056 2390.8787 2389.733 2389.0122
Random 3.409385681152344e-5 2587.2444 2564.2227 2506.1582 2465.1301 2317.1433 2252.511 2153.887 2148.727 2108.5227 2069.276 2043.4052 2039.7133 2012.5895 1974.6827 1946.6719 1937.5334 1912.9944 1895.0934 1876.9427 1865.9967

Data/Chicago 823 822
5 0
1
Random 3.600120544433594e-5 2964.9905

Data/Chicago 823 822
5 20
5
Exact 0.31056809425354004 2477.647 2267.0862 2132.7275 2062.5664 2010.1478 1968.9158 1937.1947 1908.1543 1880.4121 1854.964 1834.8259 1815.2076 1797.7195 1780.3903 1763.391 1746.636 1730.4436 1715.5355 1701.6165 1687.8035
Approx:0.5 5.881958961486816 2484.8823 2272.9734 2132.7275 2062.5664 2010.1478 1968.9158 1939.7507 1911.6486 1886.1322 1858.1373 1839.5068 1817.6326 1798.03 1780.6534 1763.2162 1746.2172 1731.2174 1715.5444 1699.341 1685.8562
topDegree 0.050781965255737305 2785.3599 2751.4973 2728.7534 2711.5652 2620.4233 2586.472 2559.8066 2519.3582 2499.2854 2485.6155 2442.9573 2427.6355 2411.0647 2397.802 2386.605 2376.639 2367.6448 2359.3025 2351.4531 2349.3247
topCen 0.10210299491882324 2764.8977 2748.975 2743.1133 2740.0488 2738.1711 2556.225 2540.407 2534.5098 2531.4219 2529.5159 2510.2427 2506.2732 2504.5674 2503.6233 2503.0105 2435.5376 2428.3652 2425.627 2424.1802 2423.2961
Random 3.218650817871094e-5 2923.9226 2856.5498 2761.357 2488.8162 2318.027 2305.4568 2278.0725 2270.6287 2243.4607 2205.1208 2181.771 2167.8008 2130.2332 2066.3235 2062.9858 2043.2128 2000.6478 1991.5149 1974.7256 1964.6442

Data/Chicago 823 822
5 0
1
Random 3.600120544433594e-5 2845.6914

Data/Chicago 823 822
5 20
5
Exact 0.3136420249938965 2516.2737 2344.5586 2194.5544 2086.404 2021.7052 1971.9756 1940.8176 1912.7599 1886.0695 1862.3549 1840.3088 1820.2428 1800.6781 1781.9221 1764.5502 1748.138 1732.2935 1717.4186 1702.9219 1688.7748
Approx:0.5 6.1810760498046875 2522.8145 2354.4197 2194.5544 2086.404 2021.7052 1974.491 1943.2649 1916.8242 1891.4106 1867.3414 1847.293 1826.9949 1805.0098 1785.0548 1767.4102 1750.5247 1731.8717 1715.1696 1700.275 1684.8807
topDegree 0.05170106887817383 2677.709 2645.3955 2623.494 2606.967 2524.2234 2492.7856 2467.818 2384.5234 2302.1736 2286.9834 2274.1113 2252.0042 2235.745 2222.7449 2211.6643 2201.8818 2192.9912 2184.7207 2176.947 2154.208
topCen 0.10013413429260254 2733.409 2723.71 2720.109 2718.2212 2717.066 2581.0889 2568.734 2564.068 2561.6328 2560.1528 2544.7312 2541.558 2540.1868 2539.4087 2538.9292 2483.475 2477.5063 2475.1926 2473.997 2473.2334
Random 4.00543212890625e-5 2626.3938 2535.5632 2411.8062 2355.1445 2303.402 2286.0466 2239.0173 2222.8948 2197.1692 2184.5317 2101.572 2097.9272 2077.7932 2047.0706 2031.1564 2021.1829 2004.1079 1991.2644 1977.3408 1947.5897

Data/Chicago 823 822
5 0
1
Random 3.409385681152344e-5 2699.1382

Data/Chicago 823 822
5 20
5
Exact 0.32666897773742676 2412.669 2252.6824 2108.952 2047.2644 1996.0607 1963.3344 1934.0874 1906.2152 1878.4524 1856.0396 1834.2177 1813.875 1794.2576 1776.3356 1759.2612 1742.494 1726.736 1711.8533 1697.9332 1684.0441
Approx:0.5 6.08196496963501 2412.669 2252.9934 2108.952 2047.2644 1996.0607 1963.3344 1934.2332 1906.3811 1878.3119 1855.8662 1835.6926 1815.3357 1793.5529 1776.3032 1756.7358 1738.9618 1723.1935 1708.3263 1693.452 1680.7085
topDegree 0.05397319793701172 2549.2947 2519.548 2499.2783 2483.8538 2416.027 2388.9575 2367.2864 2345.834 2328.3064 2247.777 2225.4368 2213.6914 2200.749 2189.7332 2179.9783 2177.415 2174.903 2166.4128 2158.4617 2150.9004
topCen 0.10084104537963867 2607.2812 2599.2207 2596.1965 2594.6472 2593.6914 2470.3691 2459.0208 2454.7754 2452.5383 2451.1643 2436.9404 2433.9885 2432.71 2432.0334 2431.5715 2379.9756 2374.3806 2372.2158 2371.0942 2370.4001
Random 3.314018249511719e-5 2615.559 2533.9102 2379.6326 2352.965 2326.303 2272.3025 2247.63 2148.0833 2120.32 2055.164 2029.7476 1993.8425 1978.4006 1943.2745 1937.6415 1926.9958 1923.9666 1905.3038 1887.4229 1880.663

Data/Chicago 823 822
5 0
1
Random 3.4809112548828125e-5 2736.433

Data/Chicago 823 822
5 20
5
Exact 0.3133528232574463 2504.805 2319.6262 2192.0784 2075.1345 2020.0343 1972.303 1941.3073 1913.3647 1886.2643 1859.7057 1836.0712 1815.897 1796.2653 1777.5614 1760.0837 1742.94 1726.1353 1709.7743 1694.8645 1680.8263
Approx:0.5 5.843743085861206 2521.271 2326.8467 2195.5684 2075.1345 2020.0343 1973.587 1945.1515 1916.4188 1891.4928 1867.8152 1845.948 1821.2186 1802.1075 1784.0757 1767.2524 1749.3401 1732.9589 1719.5547 1705.4376 1691.5347
topDegree 0.0506589412689209 2571.0322 2539.4233 2518.0366 2501.868 2425.0864 2395.6335 2372.2205 2289.951 2274.4187 2196.1436 2157.4136 2146.9841 2125.4543 2109.5645 2096.7598 2085.85 2076.1858 2067.3904 2059.2046 2051.4746
topCen 0.10154891014099121 2672.316 2666.423 2664.2292 2663.077 2662.3574 2558.4731 2548.6345 2544.9287 2542.9858 2541.7769 2529.2625 2526.674 2525.539 2524.9192 2524.5134 2478.2886 2473.2 2471.2502 2470.2207 2469.581
Random 3.0994415283203125e-5 2598.4385 2541.5518 2439.103 2400.552 2374.4995 2257.876 2237.1665 2228.8298 2180.0198 2143.5596 2105.4028 2096.0984 2082.364 2074.6733 1997.3019 1996.0859 1993.2018 1951.4148 1930.6675 1927.3011

Data/Chicago 823 822
5 0
1
Random 3.504753112792969e-5 2773.2795

Data/Chicago 823 822
5 20
5
Exact 0.3147599697113037 2468.1768 2308.6226 2165.7544 2100.562 2050.8994 2006.4034 1969.4008 1935.0315 1905.3969 1880.4423 1858.7776 1838.9675 1819.3127 1800.0345 1782.0215 1765.1095 1749.6736 1734.4268 1719.5538 1704.9016
Approx:0.5 5.905853033065796 2468.1768 2308.6226 2165.7544 2100.562 2052.0403 2006.4034 1969.4008 1935.0315 1905.3969 1880.834 1861.3019 1839.5344 1821.4031 1804.0366 1785.2861 1767.2859 1753.074 1737.5575 1720.7689 1705.9933
topDegree 0.051384925842285156 2543.7253 2506.524 2482.092 2464.055 2370.956 2338.7002 2313.8284 2229.5342 2213.7307 2182.9734 2097.779 2087.4822 2065.9058 2049.9565 2037.1652 2026.2571 2016.6089 2007.799 1999.6127 1991.8832
topCen 0.10163187980651855 2772.7795 2772.6128 2772.5295 2772.4795 2718.6318 2712.6692 2710.3647 2709.1543 2708.397 2700.2434 2698.5073 2697.7605 2697.3372 2697.0837 2664.3174 2660.4363 2658.9373 2658.1375 2657.656 2652.0627
Random 3.1948089599609375e-5 2711.762 2595.0996 2416.7998 2388.6438 2339.805 2226.4905 2191.9153 2177.1077 2139.5603 2080.7896 2032.3761 2010.7351 1994.0323 1977.422 1948.2402 1937.3593 1901.4076 1883.6953 1859.4872 1837.4557

Data/Chicago 823 822
5 0
1
Random 3.409385681152344e-5 2552.5188

Data/Chicago 823 822
5 20
5
Exact 0.31403613090515137 2339.1497 2204.7385 2087.0413 2031.6171 1983.6134 1952.0475 1923.6322 1896.4169 1870.5514 1845.4025 1821.7812 1801.6163 1781.9967 1763.7352 1746.482 1729.5884 1713.1208 1696.7888 1681.8892 1668.0365
Approx:0.5 6.108702898025513 2339.1497 2213.2996 2087.0413 2031.6171 1983.6134 1952.0475 1927.2953 1900.6273 1875.6051 1851.7463 1826.8278 1807.4406 1790.4537 1770.7112 1753.9769 1737.4019 1717.803 1701.4735 1686.5225 1671.1102
topDegree 0.05130505561828613 2451.2466 2427.0232 2409.9275 2396.5088 2351.3784 2329.8997 2324.1265 2244.6992 2230.943 2209.5444 2170.0815 2159.2566 2137.5908 2121.614 2108.786 2097.8618 2088.1592 2079.35 2071.1516 2063.4001
topCen 0.10149121284484863 2497.288 2492.217 2490.3042 2489.2947 2488.6807 2391.0667 2381.7932 2378.303 2376.4722 2375.3296 2363.5078 2361.0706 2360.0037 2359.4055 2359.031 2315.1826 2310.3728 2308.5112 2307.5396 2306.936
Random 3.886222839355469e-5 2513.5105 2377.673 2313.846 2287.112 2208.9382 2171.4106 2143.7358 2110.201 2072.0679 2047.2034 2028.6946 2024.02 2018.2694 1941.1301 1923.511 1910.3092 1902.5885 1884.1534 1868.0573 1857.2224

Data/Chicago 823 822
10 0
1
Random 6.079673767089844e-5 2162.084

Data/Chicago 823 822
10 20
5
Exact 0.37195396423339844 2029.4176 1973.8859 1924.8541 1888.3859 1860.1805 1832.4652 1809.6373 1788.7883 1768.7036 1749.1345 1731.3184 1713.861 1697.4003 1681.8022 1666.379 1652.4922 1638.6738 1624.9143 1611.8859 1599.1227
Approx:0.5 6.410848140716553 2029.4176 1973.8859 1924.8541 1891.2332 1863.0192 1837.8173 1814.8297 1793.7732 1773.4803 1752.7816 1732.8458 1714.9613 1698.7166 1683.5554 1668.1367 1652.5391 1637.1378 1624.2396 1610.4814 1598.3989
topDegree 0.10106492042541504 2139.692 2126.133 2122.8762 2112.3223 2096.383 2083.6758 2080.1914 2047.0404 2036.2874 2023.7383 1978.8624 1969.8674 1954.1843 1950.299 1938.2877 1927.8914 1918.5787 1910.0276 1902.0238 1894.4376
topCen 0.14752697944641113 2138.9937 2136.745 2135.9026 2135.456 2135.1768 2134.9932 2134.851 2134.7566 2134.681 2134.6052 2064.8633 2057.9712 2055.3735 2053.9897 2053.138 2052.564 2052.1526 2051.8345 2051.595 2051.385
Random 6.198883056640625e-5 2135.794 2121.8398 2117.325 2102.7292 2020.0402 1984.3507 1972.954 1932.6027 1897.7448 1871.7158 1861.5679 1856.6674 1827.7728 1824.8833 1807.454 1795.5404 1771.2184 1746.4244 1738.6775 1729.6444

Data/Chicago 823 822
10 0
1
Random 6.103515625e-5 2129.8464

Data/Chicago 823 822
10 20
5
Exact 0.3704800605773926 1997.2614 1940.83 1893.956 1865.8065 1839.4528 1813.4055 1787.8561 1765.1405 1745.6099 1726.8224 1708.5223 1691.1884 1676.474 1662.0408 1647.9525 1634.1523 1620.3655 1607.8461 1595.3887 1583.4073
Approx:0.5 6.2076451778411865 2021.0831 1960.6971 1911.1296 1868.6041 1841.8615 1816.7655 1793.4309 1768.0027 1750.5823 1733.1553 1715.2869 1697.4395 1678.7911 1663.3097 1647.0825 1633.5648 1621.9054 1608.6306 1597.1918 1583.1299
topDegree 0.10175299644470215 2085.8943 2080.106 2063.7744 2050.7915 2004.6425 1983.5542 1966.3407 1889.129 1877.2202 1841.9456 1803.5728 1794.3618 1773.0475 1757.2637 1744.5587 1733.7349 1724.1128 1715.3577 1707.2091 1699.5132
topCen 0.14846110343933105 2117.568 2116.3494 2115.884 2115.622 2115.4617 2115.3733 2115.294 2115.2437 2115.187 2115.1582 2110.4062 2109.648 2109.3247 2109.1562 2109.0498 2108.976 2108.9197 2108.8835 2108.8477 2108.8242
Random 6.103515625e-5 2109.3196 2089.6667 2077.7998 2039.3871 2038.8871 1999.2451 1963.7279 1944.3638 1920.3037 1855.2167 1852.2852 1842.2539 1826.4423 1791.9631 1783.2231 1776.0299 1762.9209 1752.5103 1738.1573 1715.7692

Data/Chicago 823 822
10 0
1
Random 6.29425048828125e-5 2169.5178

Data/Chicago 823 822
10 20
5
Exact 0.3708460330963135 2015.3091 1962.6681 1916.4618 1875.3854 1845.0006 1821.0245 1799.7361 1779.5613 1759.6892 1740.212 1721.1764 1704.7803 1689.399 1674.4974 1659.7295 1645.5867 1631.7869 1618.2308 1605.8093 1593.4817
Approx:0.5 5.885993957519531 2015.3091 1962.6681 1916.4618 1879.7295 1851.83 1827.705 1803.5232 1782.2518 1763.0089 1741.2357 1723.3195 1708.4283 1692.996 1677.5349 1661.5973 1646.007 1631.8052 1615.5416 1603.2778 1591.598
topDegree 0.09969615936279297 2157.4702 2154.1257 2150.9607 2140.6704 2122.552 2118.3645 2105.5237 2086.812 2075.2717 2040.4623 2026.4907 2016.8845 2013.0027 2000.9153 1990.4764 1981.1337 1972.5492 1964.5201 1956.9277 1951.6931
topCen 0.14975404739379883 2140.1643 2137.3376 2136.2756 2135.732 2135.3875 2135.1497 2134.9915 2134.8574 2134.764 2134.684 2121.6306 2119.6013 2118.8064 2118.3333 2118.0642 2117.8809 2117.7383 2117.633 2117.5598 2117.483
Random 5.793571472167969e-5 2121.8293 2106.7651 2076.9846 2061.0427 1971.5128 1951.8558 1936.6396 1879.2556 1874.2035 1855.9432 1833.8894 1806.42 1786.9363 1778.877 1766.8033 1751.4406 1740.2871 1724.7733 1721.0963 1703.6602

Data/Chicago 823 822
10 0
1
Random 6.103515625e-5 2067.0422

Data/Chicago 823 822
10 20
5
Exact 0.3720128536224365 1954.8772 1908.9357 1874.3691 1840.6213 1817.628 1795.2465 1773.5367 1752.2793 1731.1583 1713.1902 1697.2189 1681.5812 1666.1581 1651.5348 1637.0195 1622.5892 1609.9666 1597.5642 1585.2877 1573.0387
Approx:0.5 6.346407890319824 1954.8772 1908.9357 1877.0895 1843.3129 1820.9622 1798.4349 1777.0547 1757.9912 1735.8978 1713.906 1698.1914 1681.1218 1665.2195 1649.4003 1635.5072 1621.0747 1608.4519 1596.1241 1583.7175 1571.5637
topDegree 0.10087990760803223 2039.6064 2024.986 2013.2341 2003.1825 1981.2717 1976.646 1962.7086 1943.0287 1930.7739 1911.305 1829.7046 1820.8761 1808.0392 1804.7842 1794.2866 1784.8881 1776.2736 1768.2191 1760.5918 1753.2806
topCen 0.14777302742004395 2055.8777 2054.7417 2054.3298 2054.092 2053.951 2053.8643 2053.7874 2053.7317 2053.6936 2053.6707 2046.9209 2045.9562 2045.5706 2045.3628 2045.2334 2045.1444 2045.0795 2045.0314 2044.9924 2044.9608
Random 5.698204040527344e-5 2047.2471 2028.0276 2003.237 1998.57 1993.8473 1977.9321 1915.126 1908.376 1894.2485 1872.7587 1857.5609 1852.2272 1846.5312 1841.8641 1837.1971 1834.281 1802.498 1792.5007 1764.9696 1745.002

Data/Chicago 823 822
10 0
1
Random 6.103515625e-5 2082.2598

Data/Chicago 823 822
10 20
5
Exact 0.3718760013580322 2026.6477 1973.5502 1926.9393 1887.6647 1862.2826 1838.402 1816.0011 1794.2306 1773.9155 1753.903 1735.9817 1719.6506 1703.7792 1688.1249 1673.1997 1658.4282 1643.7552 1629.9243 1617.1198 1604.6481
Approx:0.5 6.108505010604858 2026.6477 1973.5502 1926.9393 1887.6647 1863.7129 1838.402 1815.9982 1796.5955 1777.1737 1759.2573 1739.0923 1722.7709 1705.4297 1689.7306 1675.7607 1660.0201 1645.9756 1631.3843 1619.6486 1607.17
topDegree 0.10015583038330078 2052.5312 2047.8171 2033.906 2022.522 1997.4873 1982.1289 1969.0023 1950.1052 1938.4639 1903.8785 1867.745 1858.6609 1845.9481 1842.725 1832.3141 1822.9856 1814.4276 1806.4049 1804.2456 1796.7549
topCen 0.146867036819458 2066.819 2065.2983 2064.716 2064.428 2064.2317 2064.1008 2064.0088 2063.9536 2063.8806 2063.8352 2043.9042 2041.468 2040.5391 2040.0342 2039.7192 2039.5122 2039.3364 2039.2228 2039.1381 2039.0754
Random 5.888938903808594e-5 2052.0237 2031.4546 2009.4722 1986.3838 1968.2798 1953.0088 1935.6187 1922.9269 1893.1998 1872.7328 1845.6807 1826.3829 1823.7386 1792.4739 1774.1772 1752.6892 1734.0707 1719.8472 1719.3472 1704.5826

Data/Chicago 823 822
10 0
1
Random 6.198883056640625e-5 2204.051

Data/Chicago 823 822
10 20
5
Exact 0.371628999710083 2069.6357 2009.979 1960.7672 1913.9575 1874.9471 1844.8304 1818.0126 1793.8973 1773.8832 1754.0754 1736.8284 1719.9672 1703.5082 1687.6624 1672.0814 1657.2349 1642.8788 1629.2646 1616.0697 1603.4604
Approx:0.5 6.442201137542725 2069.6357 2009.979 1960.7672 1913.9575 1874.9471 1848.0797 1818.0126 1793.8973 1775.4425 1758.1708 1738.389 1722.3506 1706.605 1689.8412 1673.497 1658.7067 1644.3497 1631.6888 1618.4899 1604.9304
topDegree 0.10265398025512695 2139.5183 2120.147 2105.9138 2094.4487 2074.1968 2060.162 2047.8544 2014.5673 2011.3441 1991.866 1953.617 1944.315 1928.5233 1915.8075 1904.9562 1895.347 1892.8116 1884.247 1876.2318 1868.6305
topCen 0.14903020858764648 2181.9763 2179.8208 2178.996 2178.5708 2178.307 2178.1265 2177.9927 2177.9019 2177.8198 2177.7656 2164.3044 2162.5767 2161.9072 2161.544 2161.3071 2161.1577 2161.0437 2160.9604 2160.8943 2160.8489
Random 6.103515625e-5 2145.3977 2058.8503 2039.1113 2022.5492 1986.1339 1950.6345 1927.67 1881.0013 1862.5289 1831.119 1795.7211 1782.746 1770.5956 1757.4886 1748.9364 1743.2185 1736.4269 1727.4331 1716.5533 1706.7303

Data/Chicago 823 822
10 0
1
Random 6.198883056640625e-5 2243.8433

Data/Chicago 823 822
10 20
5
Exact 0.3694798946380615 2094.4692 2007.3983 1953.691 1906.5931 1876.1744 1848.3759 1825.2666 1803.3077 1782.4131 1762.5316 1743.0717 1723.66 1706.3644 1689.9136 1674.213 1658.687 1644.8157 1631.0151 1617.5635 1604.5392
Approx:0.5 6.22567892074585 2094.4692 2007.3983 1955.1809 1913.0049 1886.4421 1856.029 1828.05 1804.9421 1784.0256 1764.0028 1747.039 1727.4669 1708.0593 1691.5795 1675.8569 1660.2947 1646.3676 1632.7539 1620.4941 1606.4417
topDegree 0.10377693176269531 2219.2695 2205.2317 2193.8716 2191.029 2170.6245 2156.4214 2143.879 2073.2695 2063.2583 2051.6648 2030.6708 2028.2125 2006.9977 1991.2783 1978.591 1967.7633 1958.1691 1949.4209 1941.2501 1933.5544
topCen 0.14676213264465332 2214.2085 2211.3752 2210.3015 2209.756 2209.409 2209.1707 2208.998 2208.869 2208.773 2208.6953 2132.4739 2125.0286 2122.2092 2120.7288 2119.8235 2119.2021 2118.7441 2118.4058 2118.1418 2117.9275
Random 5.984306335449219e-5 2183.5576 2178.941 2159.5369 2113.568 2099.2964 2061.9556 2046.9313 2016.2817 1984.4393 1964.8258 1960.1765 1936.0244 1931.7957 1910.555 1842.4001 1827.1534 1821.9398 1811.6769 1792.2118 1774.7383

Data/Chicago 823 822
10 0
1
Random 6.103515625e-5 2404.0388

Data/Chicago 823 822
10 20
5
Exact 0.3765900135040283 2165.6313 2022.468 1956.8701 1909.4812 1878.7218 1849.7456 1822.0377 1798.2983 1778.4822 1758.9232 1741.2556 1724.5109 1708.0723 1692.2004 1676.8772 1662.9806 1649.1853 1635.5387 1622.5409 1609.9225
Approx:0.5 6.108304023742676 2168.6948 2022.468 1956.8701 1909.4812 1882.6327 1851.9243 1823.5377 1799.632 1779.6719 1760.004 1740.1881 1724.2506 1707.7114 1690.14 1674.841 1660.8646 1646.1296 1633.1108 1620.4631 1608.1233
topDegree 0.10057520866394043 2338.7612 2319.1023 2304.6838 2293.028 2268.851 2263.9333 2249.1965 2237.3838 2224.1477 2211.8147 2189.6868 2178.4807 2175.1992 2164.6748 2161.9187 2152.7505 2144.292 2142.0159 2134.201 2126.7466
topCen 0.14688777923583984 2336.0066 2329.9065 2327.6042 2326.4038 2325.668 2325.175 2324.8135 2324.5515 2324.3167 2324.148 2217.288 2207.2896 2203.5288 2201.5513 2200.3474 2199.5232 2198.922 2198.4644 2198.1108 2197.834
Random 6.604194641113281e-5 2382.2456 2357.6584 2333.2366 2292.7095 2220.8503 2093.3835 2050.8298 2034.8202 2024.4333 2015.1718 1998.5901 1983.8271 1873.889 1852.1891 1818.2042 1806.1757 1801.1976 1784.6359 1776.402 1773.0999

Data/Chicago 823 822
10 0
1
Random 6.198883056640625e-5 2068.5884

Data/Chicago 823 822
10 20
5
Exact 0.3683290481567383 1994.8439 1937.5613 1889.9867 1850.1704 1820.5427 1796.345 1774.0706 1754.3132 1735.1877 1717.9619 1701.0884 1684.6056 1668.6268 1653.9604 1640.1252 1626.6901 1613.6411 1600.8348 1588.2798 1576.1597
Approx:0.5 6.2576329708099365 1994.8439 1937.5613 1889.9867 1853.9204 1825.1129 1802.9512 1781.2455 1762.8649 1742.6426 1720.7694 1704.8932 1687.9966 1672.0194 1654.5194 1639.0603 1624.4578 1612.8802 1600.366 1588.5574 1576.0055
topDegree 0.09983992576599121 2008.5236 1989.8374 1976.0798 1964.9198 1949.4193 1936.9519 1925.8997 1893.1742 1883.3497 1877.4243 1863.7668 1854.8667 1849.8726 1835.2515 1823.2343 1812.8254 1803.521 1794.9557 1786.9517 1779.3733
topCen 0.15060997009277344 2049.9954 2048.1738 2047.4788 2047.1124 2046.8833 2046.7474 2046.6257 2046.5563 2046.4855 2046.4431 2035.0233 2033.2528 2032.5402 2032.1567 2031.9094 2031.746 2031.622 2031.523 2031.4562 2031.391
Random 6.389617919921875e-5 2021.0992 1986.1294 1957.3347 1936.7302 1918.2961 1876.6061 1854.7991 1838.3328 1825.5778 1810.8231 1796.7506 1786.3872 1774.3756 1753.8336 1747.5453 1734.0247 1729.6912 1718.7068 1713.5929 1708.7179

Data/Chicago 823 822
10 0
1
Random 6.198883056640625e-5 2120.9863

Data/Chicago 823 822
10 20
5
Exact 0.37011098861694336 2016.6594 1966.2788 1919.9438 1883.792 1857.5948 1832.023 1806.9105 1785.0967 1765.2041 1746.8348 1729.8066 1713.343 1697.067 1681.1034 1665.4689 1651.6918 1637.9517 1624.5487 1611.5305 1598.7498
Approx:0.5 6.24355411529541 2016.6594 1966.2788 1919.9438 1883.792 1858.2091 1832.4503 1806.9105 1785.0966 1767.5251 1750.4 1730.5873 1715.588 1699.3787 1682.9447 1666.9841 1653.444 1639.655 1626.8594 1613.4585 1600.4425
topDegree 0.10181903839111328 2062.3862 2043.7015 2029.8657 2018.6508 2000.5332 1996.3252 1983.4362 1949.8763 1938.6938 1865.5549 1852.5938 1843.9895 1828.3502 1815.7186 1804.9352 1795.3746 1786.648 1778.5076 1770.8179 1768.7325
topCen 0.15056085586547852 2107.474 2106.1218 2105.6057 2105.3367 2105.1694 2105.049 2104.9856 2104.9053 2104.8665 2104.8303 2097.5913 2096.4473 2095.9702 2095.731 2095.5625 2095.456 2095.377 2095.3164 2095.2603 2095.2166
Random 5.793571472167969e-5 2089.527 2052.589 2012.0402 1991.4006 1968.8132 1965.5319 1951.3091 1925.7054 1919.3356 1901.9254 1888.425 1877.0178 1857.742 1852.3469 1840.0735 1837.2092 1826.9552 1821.2805 1808.9861 1793.3728

Data/Hamster_full 2000 16098
5 0
1
Random 9.799003601074219e-5 580.9624

Data/Hamster_full 2000 16098
5 20
5
Exact 0.6729998588562012 575.4155 571.31757 567.6698 564.538 561.57385 558.6896 556.4154 554.22925 552.0538 549.9079 547.7723 545.6755 543.75055 541.83826 539.9875 538.2152 536.4635 534.7182 532.9799 531.2494
Approx:0.5 36.27748489379883 575.4156 571.31757 567.6698 564.7843 561.6543 558.6896 556.50165 554.22925 552.0538 550.1394 547.9952 546.0699 543.9731 541.8382 540.0971 538.2471 536.5615 535.08673 533.3603 531.5884
topDegree 0.12385916709899902 580.83905 580.7188 580.6004 580.4833 580.37036 580.2594 580.14453 580.0323 579.9243 579.81885 579.71564 579.61475 579.5167 579.40015 579.2879 579.1792 579.07324 578.96857 578.87103 578.77423
topCen 0.29850196838378906 577.3133 576.79956 576.5948 576.4845 576.4157 573.2849 572.77466 572.5655 572.4517 572.3799 570.1051 569.70593 569.54034 569.44977 569.3926 567.24097 566.8534 566.691 566.60156 566.5447
Random 7.390975952148438e-5 580.0721 579.87823 579.59393 579.46814 579.2861 575.51276 575.39417 575.2634 575.1354 575.0085 574.74927 574.607 574.45465 574.3472 574.2058 574.08167 573.9003 573.6373 573.539 573.42804

Data/Hamster_full 2000 16098
5 0
1
Random 8.106231689453125e-5 582.76886

Data/Hamster_full 2000 16098
5 20
5
Exact 0.6780750751495361 577.2174 573.13806 569.48755 566.35425 563.3869 560.5018 558.224 556.038 553.8921 551.75574 549.6599 547.5766 545.644 543.7351 541.8825 540.10516 538.3501 536.6012 534.8547 533.11945
Approx:0.5 36.475054025650024 577.2174 573.1899 569.53925 566.40564 563.4381 560.553 558.27484 556.13916 554.0425 552.10815 550.02484 548.04663 545.9004 543.71686 541.9661 540.23096 538.37787 536.6308 534.8555 533.16705
topDegree 0.12461519241333008 582.63574 582.50446 582.3764 582.2521 582.1267 582.004 581.8858 581.7702 581.65674 581.54016 581.4281 581.3181 581.21234 581.1031 580.9972 580.89435 580.79425 580.6874 580.5833 580.4825
topCen 0.2978780269622803 579.11707 578.6035 578.39856 578.2884 578.2196 575.08563 574.5752 574.3658 574.2517 574.17993 571.90186 571.5027 571.337 571.24615 571.1889 569.0356 568.6469 568.4849 568.3958 568.33954
Random 7.390975952148438e-5 582.6353 582.3421 582.2038 582.0754 581.9413 581.79535 581.6328 581.5042 580.8586 580.6825 580.5122 580.35925 580.2259 580.1165 580.0079 579.9001 579.79144 579.00146 578.90045 578.5376

Data/Hamster_full 2000 16098
5 0
1
Random 7.987022399902344e-5 619.1425

Data/Hamster_full 2000 16098
5 20
5
Exact 0.6810150146484375 614.01227 609.8936 606.20447 602.6093 599.4023 596.5915 593.81415 591.0569 588.4072 585.7957 583.1943 580.6706 578.1807 575.82275 573.53076 571.3242 569.123 566.9644 564.8146 562.67786
Approx:0.5 36.39410901069641 614.0133 609.89545 606.28485 602.80334 599.5984 596.821 594.3468 591.7235 588.95935 586.22473 583.6838 581.45807 578.9672 576.4121 574.27 571.73676 569.5923 567.41437 565.2797 563.1514
topDegree 0.12320303916931152 617.30865 615.5942 613.98883 612.4802 611.0633 609.68195 608.3826 607.1583 606.0026 604.9098 603.8249 602.80035 601.8334 600.9183 600.05115 599.1763 598.34827 597.56354 596.81775 596.10986
topCen 0.29622697830200195 615.0065 614.4294 614.19775 614.07416 613.9971 610.28827 609.68854 609.44324 609.31 609.2256 606.4089 605.9187 605.71515 605.6045 605.53455 602.8536 602.37445 602.17395 602.06506 601.9952
Random 7.486343383789062e-5 617.30225 615.6525 614.10535 612.60144 611.18 609.7868 607.9476 606.71387 605.6145 604.6167 603.6126 602.53754 601.59717 600.5757 599.6882 598.742 597.8764 597.132 596.33514 595.5533

Data/Hamster_full 2000 16098
5 0
1
Random 7.987022399902344e-5 609.0909

Data/Hamster_full 2000 16098
5 20
5
Exact 0.6726779937744141 603.1559 598.558 594.69006 591.3218 588.09924 584.91534 582.41907 579.934 577.4569 575.0776 572.70166 570.3532 568.12476 566.00745 563.9293 561.89746 559.8935 557.9006 555.92993 553.9705
Approx:0.5 37.46865701675415 603.1559 598.5843 594.71747 591.34875 588.1274 584.9429 582.45404 579.96216 577.59985 575.12897 572.7542 570.38214 568.15564 566.1906 564.0791 562.004 559.92737 557.933 555.95984 553.9727
topDegree 0.12642598152160645 608.16644 607.2888 606.452 605.65436 604.8655 604.11426 603.39795 602.7148 602.0616 601.404 600.77734 600.1808 599.6098 599.0646 598.5125 597.9858 597.4821 597.00006 596.53864 596.04755
topCen 0.300091028213501 605.21277 604.66846 604.45264 604.33606 604.2627 600.88324 600.33496 600.11066 599.98773 599.91095 597.39636 596.95776 596.7759 596.6761 596.6134 594.1928 593.75836 593.57715 593.47845 593.4147
Random 7.390975952148438e-5 608.42896 607.64484 606.7713 605.9697 605.16254 604.24536 603.5106 602.78217 602.1115 601.5546 600.92993 600.3007 599.816 599.2443 598.67175 598.10657 597.57306 597.0799 596.2328 595.82306

Data/Hamster_full 2000 16098
5 0
1
Random 7.987022399902344e-5 597.3477

Data/Hamster_full 2000 16098
5 20
5
Exact 0.6758639812469482 591.6235 587.3145 583.5646 580.3271 577.2617 574.22614 571.8414 569.5175 567.1988 564.94775 562.708 560.4962 558.42474 556.45844 554.5003 552.58484 550.7043 548.8466 546.99713 545.16016
Approx:0.5 36.885114908218384 591.6235 587.3553 583.60626 580.3687 577.3316 574.2666 572.02045 569.6364 567.41956 565.10144 562.8529 561.00287 559.1164 556.8043 555.0261 552.96063 550.9375 548.98395 547.15375 545.638
topDegree 0.1258549690246582 596.86237 596.39734 595.948 595.517 595.085 594.6693 594.27106 593.8867 593.5154 593.1405 592.78 592.43304 592.0995 591.78033 591.45154 591.1392 590.8356 590.54443 590.2641 589.9889
topCen 0.300570011138916 593.593 593.0663 592.8557 592.7425 592.67224 589.4304 588.90356 588.6875 588.5697 588.49585 586.10223 585.68427 585.51044 585.41547 585.3554 583.08545 582.67834 582.50757 582.41376 582.35516
Random 7.605552673339844e-5 595.6585 595.2007 594.74457 594.3383 593.91144 593.46454 593.081 592.68463 592.2092 591.8273 591.4905 590.1987 589.84595 588.09937 587.30615 586.97095 586.70105 586.3733 586.04755 585.7385

Data/Hamster_full 2000 16098
5 0
1
Random 7.915496826171875e-5 601.583

Data/Hamster_full 2000 16098
5 20
5
Exact 0.6830759048461914 595.79504 591.3883 587.60516 584.3052 581.2028 578.12976 575.70654 573.3346 570.9749 568.68115 566.3981 564.1456 562.039 560.044 558.0546 556.0774 554.16565 552.27374 550.39343 548.52295
Approx:0.5 37.00942897796631 595.79504 591.4982 587.7147 584.4154 581.3127 578.2395 575.8744 573.57556 571.15784 568.79285 566.5089 564.37213 562.12115 560.12427 558.233 556.2557 554.15985 552.28375 550.3965 548.4908
topDegree 0.1254868507385254 600.9894 600.4211 599.87463 599.349 598.838 598.3469 597.87604 597.3895 596.92426 596.4776 596.05023 595.6387 595.2243 594.8258 594.444 594.0771 593.7244 593.3401 592.97003 592.61676
topCen 0.29672718048095703 597.792 597.261 597.0488 596.9345 596.8629 593.55646 593.01996 592.79956 592.6807 592.6055 590.17114 589.7458 589.56995 589.47253 589.4115 587.1015 586.6854 586.51196 586.4168 586.3571
Random 7.605552673339844e-5 601.0 600.40027 599.59143 599.0427 598.5133 598.07684 597.5602 597.07776 596.6185 596.1233 595.661 595.16626 594.4213 593.9965 593.6028 593.2081 592.8267 592.41144 592.058 591.6796

Data/Hamster_full 2000 16098
5 0
1
Random 8.20159912109375e-5 596.1704

Data/Hamster_full 2000 16098
5 20
5
Exact 0.672213077545166 590.4441 586.1155 582.36646 579.1121 576.04456 573.0098 570.62354 568.2988 565.97723 563.7264 561.4771 559.2703 557.1968 555.2259 553.26886 551.34906 549.4678 547.60675 545.75665 543.91846
Approx:0.5 37.5671648979187 590.44403 586.1155 582.3666 579.2975 576.2604 573.0098 570.7545 568.3688 566.04675 564.1723 562.19794 559.88196 557.63416 555.42975 553.5079 551.62335 549.67035 547.837 545.7754 543.92664
topDegree 0.1239781379699707 595.6811 595.21277 594.7603 594.3256 593.89 593.47095 593.06793 592.6801 592.30634 591.9306 591.5698 591.22284 590.888 590.5668 590.238 589.9227 589.6183 589.3256 589.044 588.75336
topCen 0.29937291145324707 592.4173 591.8901 591.68 591.5669 591.4962 588.2365 587.7073 587.4897 587.3717 587.29694 584.902 584.4853 584.3116 584.2156 584.1555 581.88586 581.4769 581.306 581.2112 581.15204
Random 7.605552673339844e-5 595.70605 593.8372 592.7523 591.9894 591.55945 591.1349 590.71204 590.38794 589.98566 589.61084 589.23083 588.8854 588.5058 588.14233 586.8428 586.1167 585.77936 585.51117 585.1824 584.88214

Data/Hamster_full 2000 16098
5 0
1
Random 7.796287536621094e-5 655.0596

Data/Hamster_full 2000 16098
5 20
5
Exact 0.679340124130249 647.6947 641.2075 636.52014 632.0595 627.7734 623.83685 620.22015 616.73846 613.30914 610.0614 606.859 603.7154 600.6375 597.6328 594.65894 591.7701 589.0236 586.3603 583.779 581.23236
Approx:0.5 37.01232886314392 647.6947 641.2548 636.75385 632.43097 627.81433 623.87524 620.2556 616.91675 613.6445 610.8365 607.4701 604.417 601.3274 598.446 595.22577 592.20483 589.37 586.4693 583.902 581.27734
topDegree 0.1254899501800537 650.80725 646.95593 643.45013 640.24585 637.30536 634.49896 631.91766 629.5359 627.32965 625.28314 623.2862 621.4329 619.7099 618.1042 616.6013 615.1097 613.7151 612.4088 611.1838 610.03204
topCen 0.29932618141174316 650.2715 649.60455 649.3398 649.1977 649.1083 644.7029 643.99365 643.70374 643.5462 643.44635 639.9139 639.3042 639.0505 638.912 638.8248 635.42426 634.8187 634.5661 634.4284 634.3402
Random 7.510185241699219e-5 650.86304 647.0013 644.206 640.99066 638.8847 636.18384 633.4441 630.91754 628.66144 626.5716 624.8641 623.0316 621.19147 619.464 618.0143 616.8064 615.27167 613.8403 612.4801 611.30536

Data/Hamster_full 2000 16098
5 0
1
Random 8.106231689453125e-5 631.7565

Data/Hamster_full 2000 16098
5 20
5
Exact 0.6730170249938965 625.1919 619.7783 615.5438 611.7208 607.96075 604.4325 601.45996 598.51697 595.6449 592.8786 590.15137 587.4597 584.78217 582.146 579.6493 577.2623 574.93994 572.6559 570.3974 568.1583
Approx:0.5 37.014798164367676 625.1919 619.78796 615.55396 611.99725 608.2335 605.252 602.28143 598.52264 595.74786 593.1599 590.42896 587.7405 585.0768 582.5666 579.78265 577.4944 575.1825 573.0121 570.8234 568.48535
topDegree 0.1256709098815918 629.4262 627.2642 625.2509 623.3743 621.57837 619.9008 618.33105 616.85834 615.3943 614.02423 612.739 611.5322 610.39514 609.26556 608.206 607.2034 606.25836 605.3634 604.43274 603.5545
topCen 0.2983558177947998 627.4791 626.88196 626.644 626.5157 626.43616 622.5665 621.9416 621.68463 621.5453 621.4587 618.4817 617.9651 617.7516 617.63416 617.5599 614.7189 614.2112 613.9986 613.8814 613.8086
Random 7.510185241699219e-5 629.5279 627.4653 625.5024 623.58777 622.0362 620.4005 617.9401 616.3731 615.01917 613.8215 612.2335 610.91614 609.719 608.6001 607.49677 606.49054 605.5781 604.63367 603.66376 602.7293

Data/Hamster_full 2000 16098
5 0
1
Random 8.0108642578125e-5 598.8591

Data/Hamster_full 2000 16098
5 20
5
Exact 0.6785688400268555 593.0942 588.80176 585.0301 581.7492 578.65894 575.67114 573.258 570.90344 568.56635 566.2941 564.0251 561.7949 559.69165 557.71246 555.75214 553.80005 551.89465 550.01373 548.1423 546.28235
Approx:0.5 36.80434012413025 593.0942 588.80176 585.03015 581.7492 578.75934 575.67114 573.4302 571.1541 568.81714 566.46814 564.0639 561.795 559.833 557.9608 556.04987 554.0718 552.1225 550.0315 548.1603 546.502
topDegree 0.12528395652770996 598.29266 597.74927 597.2271 596.72577 596.2444 595.7614 595.29865 594.85297 594.4249 594.01306 593.59717 593.1973 592.81415 592.4469 592.09283 591.7381 591.3976 591.07007 590.75555 590.443
topCen 0.2965810298919678 595.08264 594.5525 594.3415 594.22797 594.15674 590.8707 590.33624 590.1176 589.99866 589.9244 587.5029 587.0799 586.90393 586.80756 586.7466 584.455 584.0425 583.8703 583.775 583.7152
Random 7.319450378417969e-5 598.1636 596.75757 595.5868 595.08575 592.1033 591.60535 591.04333 590.27704 589.811 589.33905 588.9212 588.48926 588.0739 587.3166 585.4782 585.0877 584.6671 584.3015 583.95013 583.60364

Data/Hamster_full 2000 16098
10 0
1
Random 0.00015306472778320312 577.0904

Data/Hamster_full 2000 16098
10 20
5
Exact 0.8176789283752441 571.561 567.48596 563.8491 560.73303 557.7775 554.91156 552.6502 550.48 548.31 546.1757 544.0501 541.9693 540.05133 538.1451 536.30585 534.545 532.8018 531.0669 529.3387 527.6167
Approx:0.5 36.751302003860474 571.561 567.92395 563.9009 560.9451 557.82904 555.65796 552.7918 550.70935 548.4494 546.4725 544.3376 542.2132 540.0436 538.12683 536.3652 534.5267 532.88196 531.15497 529.432 527.71655
topDegree 0.24474811553955078 576.98914 576.8906 576.79565 576.7011 576.60876 576.5189 576.4309 576.34406 576.26025 576.177 576.0905 576.0058 575.92285 575.84204 575.7625 575.6856 575.60803 575.53516 575.462 575.3913
topCen 0.42267608642578125 573.45264 572.9409 572.7367 572.6268 572.55817 572.5113 572.4771 572.4513 572.43097 572.41455 569.29755 568.7896 568.5808 568.46674 568.39514 568.34595 568.3101 568.2829 568.26166 568.2444
Random 0.00014781951904296875 576.8912 576.7924 576.6602 576.56836 576.461 576.19904 576.103 575.93616 575.8159 575.72205 575.6269 575.2767 575.1659 575.0846 574.99884 574.9202 574.83936 574.7562 574.64185 574.47705

Data/Hamster_full 2000 16098
10 0
1
Random 0.00015497207641601562 576.2614

Data/Hamster_full 2000 16098
10 20
5
Exact 0.8146419525146484 570.74286 566.7056 563.07153 559.9602 557.0099 554.14905 551.88965 549.7249 547.5611 545.43286 543.31366 541.23596 539.325 537.4271 535.59357 533.83386 532.09564 530.36414 528.6448 526.9249
Approx:0.5 37.25445890426636 570.74286 567.10944 563.07153 559.9602 557.09827 554.14905 551.9837 549.7249 547.5611 545.7078 543.5884 541.46075 539.3823 537.5476 535.78864 534.06885 532.34796 530.7147 528.8048 527.0672
topDegree 0.2445080280303955 576.17584 576.0945 576.0118 575.9326 575.8545 575.7778 575.70374 575.6289 575.55756 575.4829 575.4097 575.3379 575.26807 575.20013 575.1329 575.0667 575.002 574.93335 574.8651 574.79913
topCen 0.4239170551300049 572.6268 572.11536 571.9115 571.8017 571.7332 571.6863 571.6523 571.62634 571.60596 571.58954 568.47815 567.97046 567.7623 567.64905 567.57764 567.5287 567.4931 567.4658 567.4444 567.42706
Random 0.00014591217041015625 576.17584 576.11896 576.0287 575.91797 575.83716 575.752 575.6486 575.5692 575.4495 575.238 575.1627 575.03644 574.7449 574.5997 574.51227 574.41614 574.1027 573.97504 573.8966 573.78546

Data/Hamster_full 2000 16098
10 0
1
Random 0.0001499652862548828 584.9811

Data/Hamster_full 2000 16098
10 20
5
Exact 0.8256747722625732 579.7817 575.9891 572.68396 569.588 567.1583 564.7733 562.40326 560.1143 557.8501 555.71356 553.59595 551.5906 549.6267 547.69635 545.79004 543.89294 542.00995 540.1435 538.2966 536.4752
Approx:0.5 36.80222177505493 579.7817 575.9891 572.8901 569.588 567.2004 564.90643 562.482 560.2136 558.0921 555.73 553.7912 551.8939 549.7661 547.76575 545.8662 543.995 542.1394 540.3141 538.4155 536.4752
topDegree 0.24300408363342285 584.3473 583.7391 583.158 582.59973 582.0657 581.5512 581.0572 580.58264 580.1254 579.6848 579.2316 578.79425 578.37573 577.97034 577.5825 577.20715 576.84656 576.49786 576.1624 575.8369
topCen 0.4180450439453125 581.1873 580.65533 580.4433 580.32874 580.25726 580.2087 580.1734 580.1466 580.12573 580.1086 576.8009 576.2644 576.04407 575.9253 575.8495 575.79803 575.76 575.73126 575.7086 575.69025
Random 0.0001461505889892578 584.3606 583.4688 582.1089 581.57983 581.0402 580.53143 580.0068 579.5937 579.1204 578.6833 578.20264 577.35767 576.8848 576.4723 575.7438 575.4994 575.09174 574.36224 573.5734 573.1807

Data/Hamster_full 2000 16098
10 0
1
Random 0.000148773193359375 583.931

Data/Hamster_full 2000 16098
10 20
5
Exact 0.8176460266113281 578.31323 574.133 570.44763 567.27075 564.2659 561.3343 559.0163 556.7761 554.54083 552.35535 550.1764 548.0361 546.0488 544.11444 542.22424 540.4072 538.5992 536.803 535.0169 533.24164
Approx:0.5 36.500113010406494 578.31323 574.133 570.44763 567.27075 564.2659 561.3343 559.1536 556.8341 554.64905 552.41437 550.1764 548.036 546.0488 544.23065 542.46216 540.5283 538.9007 537.12494 535.40027 533.613
topDegree 0.2408919334411621 583.6655 583.4093 583.15985 582.9184 582.6835 582.4568 582.235 582.02014 581.812 581.6078 581.397 581.19 580.99023 580.7957 580.6079 580.4242 580.24646 580.07336 579.9064 579.74207
topCen 0.43306517601013184 580.24335 579.7254 579.51843 579.4068 579.3377 579.29 579.25555 579.2292 579.2086 579.192 576.0127 575.49603 575.28406 575.1689 575.0964 575.0465 575.0101 574.9825 574.9608 574.9431
Random 0.00014495849609375 583.6678 583.41956 583.17487 582.93243 582.6703 581.7435 581.50757 581.27625 580.9287 580.696 580.41486 580.0564 579.6099 579.40094 578.7676 578.57086 578.3791 578.17896 577.9653 577.7829

Data/Hamster_full 2000 16098
10 0
1
Random 0.00015115737915039062 575.2934

Data/Hamster_full 2000 16098
10 20
5
Exact 0.8177580833435059 569.777 565.71564 562.0859 558.975 556.0266 553.1698 550.91077 548.74536 546.5851 544.4588 542.3393 540.2618 538.35425 536.45013 534.6161 532.8621 531.12524 529.3967 527.6783 525.9613
Approx:0.5 36.00887393951416 569.777 565.71564 562.0859 558.975 556.0266 553.8606 551.0024 548.74536 546.61774 544.4588 542.38104 540.47235 538.35425 536.49457 534.6604 532.9324 531.2147 529.5447 527.79034 526.0537
topDegree 0.25319504737854004 575.21277 575.13367 575.0546 574.98 574.90515 574.8326 574.7608 574.6911 574.623 574.54956 574.4795 574.41125 574.3436 574.2781 574.2126 574.1504 574.08826 574.02795 573.9626 573.89966
topCen 0.414017915725708 571.66296 571.15234 570.9485 570.8388 570.7703 570.7235 570.6896 570.66376 570.6434 570.627 567.51526 567.00836 566.8006 566.68726 566.6163 566.56744 566.5318 566.5047 566.4834 566.4661
Random 0.0001480579376220703 575.19086 575.0916 575.0108 574.903 574.81757 574.5382 574.45715 571.60767 571.54236 571.43665 571.06537 570.99335 570.9138 570.8383 570.7602 570.1248 569.86414 569.63495 569.55334 569.48236

Data/Hamster_full 2000 16098
10 0
1
Random 0.0001552104949951172 577.8377

Data/Hamster_full 2000 16098
10 20
5
Exact 0.8740949630737305 572.29425 568.237 564.5921 561.4645 558.50214 555.6283 553.3545 551.1759 548.9972 546.8584 544.73145 542.63794 540.71423 538.8119 536.9658 535.1929 533.4431 531.7034 529.96704 528.2371
Approx:0.5 38.489243030548096 572.29425 568.3598 564.7146 561.5868 558.71277 555.75024 553.4771 551.3503 549.17096 547.11273 544.9344 542.8409 540.70233 538.96124 537.038 535.19086 533.4543 531.6838 529.95276 528.2037
topDegree 0.266524076461792 577.7194 577.60394 577.49084 577.38153 577.2728 577.1679 577.0654 576.96375 576.86005 576.75977 576.66077 576.56366 576.47034 576.3786 576.2886 576.2005 576.1032 576.00757 575.9165 575.8255
topCen 0.4616091251373291 574.19025 573.67725 573.4723 573.36224 573.2935 573.2465 573.21246 573.1866 573.16626 573.1498 570.02246 569.5132 569.30457 569.1908 569.11926 569.0702 569.03424 569.00696 568.9855 568.9681
Random 0.00014495849609375 577.6806 577.5599 577.4426 577.3384 577.2155 576.5726 572.828 572.7176 572.6117 572.49835 572.39276 572.2765 571.72955 571.6244 571.48 571.35205 571.25226 571.15656 570.8116 570.3891

Data/Hamster_full 2000 16098
10 0
1
Random 0.00015091896057128906 585.1997

Data/Hamster_full 2000 16098
10 20
5
Exact 0.8180041313171387 579.5983 575.423 571.7514 568.5855 565.5904 562.69104 560.3892 558.15515 555.92426 553.7429 551.5807 549.44275 547.4615 545.5281 543.6462 541.833 540.04034 538.25354 536.471 534.70074
Approx:0.5 36.701226234436035 579.5983 575.9263 571.79865 568.8021 565.6374 562.7388 560.5566 558.41547 556.18475 553.9521 552.1572 549.85767 547.6966 545.8127 543.95764 542.19855 540.41437 538.4365 536.6244 534.85315
topDegree 0.24715304374694824 584.9496 584.70764 584.47363 584.2448 584.0244 583.80914 583.59985 583.39716 583.19904 583.00696 582.80676 582.6101 582.42065 582.23517 582.05634 581.8819 581.71277 581.54724 581.387 581.23
topCen 0.41503000259399414 581.5265 581.01 580.80365 580.6924 580.623 580.57544 580.54114 580.5151 580.4944 580.4778 577.3108 576.7951 576.5837 576.4686 576.3963 576.34644 576.3101 576.28265 576.261 576.2433
Random 0.00014710426330566406 584.95526 584.3164 584.0764 583.9997 583.76764 583.50977 583.39026 583.1683 577.5826 577.33386 577.20886 577.00024 576.75916 576.64484 576.42035 576.2317 576.0415 575.84753 575.6475 575.4561

Data/Hamster_full 2000 16098
10 0
1
Random 0.00015020370483398438 575.9305

Data/Hamster_full 2000 16098
10 20
5
Exact 0.8228039741516113 570.4132 566.3551 562.7214 559.61285 556.6642 553.8049 551.54736 549.3837 547.22546 545.0988 542.9833 540.9053 538.9988 537.09644 535.26447 533.50775 531.77203 530.0445 528.3305 526.6203
Approx:0.5 37.2581889629364 570.4132 566.3551 563.4952 559.86285 556.75415 553.8049 551.64624 549.5198 547.35657 545.0988 542.9833 541.0806 539.00244 537.29114 535.5771 533.82104 531.916 530.1877 528.35583 526.6872
topDegree 0.24392080307006836 575.8557 575.78235 575.709 575.6385 575.56903 575.50073 575.4343 575.36896 575.3045 575.23724 575.1712 575.1074 575.04376 574.9825 574.921 574.86224 574.8039 574.7466 574.69037 574.631
topCen 0.42049717903137207 572.29834 571.78674 571.58276 571.4728 571.40393 571.3569 571.3229 571.297 571.2766 571.26 568.1496 567.643 567.43506 567.3216 567.2504 567.20135 567.1657 567.13855 567.11725 567.10004
Random 0.0001468658447265625 575.79254 575.67 575.59125 575.5217 575.4603 575.3869 575.31604 575.2577 575.1934 575.1135 574.84576 574.7677 574.6915 574.61707 574.53467 574.3153 572.7715 572.7168 572.60345 570.8775

Data/Hamster_full 2000 16098
10 0
1
Random 0.00015807151794433594 578.5879

Data/Hamster_full 2000 16098
10 20
5
Exact 0.8209099769592285 573.03125 568.9273 565.2742 562.13806 559.1674 556.2762 553.99677 551.809 549.6201 547.4705 545.3306 543.22974 541.2957 539.3814 537.52545 535.74725 533.98975 532.23773 530.48846 528.7514
Approx:0.5 37.04052400588989 573.03125 569.378 565.3245 562.354 559.2175 556.3264 554.1852 551.99646 549.89526 547.70764 545.42865 543.6979 541.5494 539.71106 537.77686 535.92175 534.1843 532.4923 530.7416 528.9924
topDegree 0.2441089153289795 578.44696 578.30963 578.1758 578.0456 577.9173 577.7924 577.67096 577.55194 577.43524 577.3145 577.1977 577.08325 576.9722 576.86285 576.7572 576.65356 576.5517 576.4527 576.3459 576.24176
topCen 0.4171168804168701 574.93427 574.4199 574.2148 574.1046 574.0359 573.98883 573.9546 573.9286 573.908 573.8914 570.75433 570.24365 570.0337 569.9195 569.8478 569.7985 569.76276 569.7353 569.71375 569.6965
Random 0.00014901161193847656 578.4617 578.29675 576.7526 576.70514 576.0092 575.8706 575.7262 575.5938 575.44604 575.3128 575.1839 573.7069 573.5761 573.4583 573.3404 573.08844 572.8511 572.73236 572.6191 572.4095

Data/Hamster_full 2000 16098
10 0
1
Random 0.0001552104949951172 587.5678

Data/Hamster_full 2000 16098
10 20
5
Exact 0.8221299648284912 581.94934 577.7607 574.0739 570.89386 567.8878 564.9447 562.63275 560.3952 558.16144 555.97375 553.7898 551.6447 549.6668 547.7299 545.8436 544.02625 542.21045 540.4156 538.6335 536.86426
Approx:0.5 37.15784192085266 581.94934 577.87854 574.19196 571.01166 568.0058 565.06305 562.9732 560.738 558.54865 556.2383 554.00275 551.8586 549.67645 548.0378 546.219 544.24347 542.35736 540.5866 538.8172 537.00525
topDegree 0.24645709991455078 587.3069 587.0531 586.8076 586.56946 586.3383 586.1132 585.8941 585.681 585.4752 585.2598 585.05 584.8479 584.65027 584.4585 584.27344 584.0929 583.91705 583.7458 583.578 583.3977
topCen 0.42376184463500977 583.8792 583.36096 583.154 583.04285 582.9737 582.92596 582.8915 582.8653 582.8446 582.82776 579.64526 579.128 578.9158 578.8001 578.7275 578.6778 578.6412 578.61334 578.5914 578.57385
Random 0.00014519691467285156 587.2679 587.02325 586.773 586.4002 586.16187 585.87616 585.64764 585.4203 584.99316 584.7687 584.0466 583.82587 582.1636 581.93866 581.7376 581.5487 581.353 581.1635 580.9478 580.75543

Data/FacebookNIPS 4039 88234
5 0
1
Random 0.00015401840209960938 533.3239

Data/FacebookNIPS 4039 88234
5 20
5
Exact 4.073818206787109 520.4934 514.58 511.17822 508.95972 507.3902 506.0921 504.83182 503.65506 502.5011 501.42764 500.3596 499.33212 498.32755 497.32474 496.32632 495.34283 494.36398 493.40103 492.44327 491.49368
Approx:0.5 158.4340798854828 520.4934 514.58 511.17822 508.95972 507.3902 506.09305 504.83286 503.70944 502.61295 501.5432 500.42264 499.37842 498.356 497.35272 496.35315 495.3744 494.32245 493.34354 492.38437 491.39963
topDegree 0.23882293701171875 533.2882 533.2534 533.0453 532.8443 532.6503 532.46094 532.05786 531.67145 531.30133 530.9451 530.60364 529.3459 528.20056 527.1556 526.196 525.3131 524.46173 523.68616 522.97656 522.32367
topCen 1.27327299118042 524.5852 518.9315 514.9037 513.8295 512.84155 511.92822 511.502 511.09058 510.69296 510.46246 510.23663 510.01495 509.87027 509.72726 509.5861 507.53134 505.77704 504.24445 503.79218 503.35577
Random 0.00015282630920410156 532.3178 532.2861 531.43854 531.24207 531.2058 530.98865 529.7219 529.5721 529.5189 529.33 528.6023 528.13214 527.35596 526.68976 526.33014 526.04596 524.9074 523.8378 523.7781 523.75433

Data/FacebookNIPS 4039 88234
5 0
1
Random 0.0001609325408935547 571.4822

Data/FacebookNIPS 4039 88234
5 20
5
Exact 4.096646070480347 557.76215 551.51337 547.92737 545.6043 543.3561 541.1819 539.21075 537.2961 535.5345 533.83887 532.2189 530.64276 529.1231 527.6998 526.3334 525.04333 523.7589 522.5211 521.33234 520.15845
Approx:0.5 163.28816986083984 557.92444 551.51337 547.92737 545.7229 543.4207 541.21515 539.24445 537.61774 535.7038 533.9423 532.2482 530.69434 529.1923 527.904 526.47186 525.29486 523.92316 522.7265 521.5601 520.4118
topDegree 0.23882508277893066 570.5388 569.6268 568.74835 567.899 567.0985 566.3291 565.59534 564.89087 563.3938 561.9906 560.67426 559.4383 558.2727 556.31 554.54767 552.95355 551.50916 550.1902 548.5691 547.1146
topCen 1.278182029724121 562.1683 556.1939 551.96295 550.8364 549.8019 548.8479 548.40234 547.9729 547.5574 547.3175 547.08264 546.85175 546.7006 546.5516 546.40485 544.27277 542.4585 540.8765 540.4103 539.9597
Random 0.00015091896057128906 569.3212 567.7003 566.13385 564.64435 563.2318 562.47107 561.7777 551.17706 550.4534 549.81366 549.1755 547.47986 546.35754 545.7473 544.7982 544.5064 543.88354 542.372 540.82227 540.26074

Data/FacebookNIPS 4039 88234
5 0
1
Random 0.00015306472778320312 580.19293

Data/FacebookNIPS 4039 88234
5 20
5
Exact 4.09375 566.2023 552.9376 544.0987 537.94617 531.8844 527.361 523.88257 520.42145 517.69147 515.43134 513.21814 511.3832 509.60025 508.00784 506.4153 504.9195 503.49277 502.2023 500.9305 499.67566
Approx:0.5 162.38716506958008 566.91455 552.9376 544.1599 538.0963 531.94324 527.39703 523.91833 520.4441 517.70776 515.5231 513.26215 511.45184 509.63235 508.04034 506.52835 505.08047 503.73853 502.43616 501.05957 499.8684
topDegree 0.24148297309875488 579.8588 579.5351 579.21826 578.90985 578.6078 578.4256 578.248 578.07495 578.0382 578.0028 577.9673 575.28784 572.9104 570.78485 568.8722 567.14166 566.5081 565.9244 565.38556 564.88855
topCen 1.2599999904632568 571.16064 565.3487 561.223 560.12463 559.11523 558.1822 557.74725 557.32715 556.92114 556.6865 556.4561 556.23004 556.08264 555.9368 555.7929 553.70325 551.9225 550.3678 549.90845 549.4661
Random 0.00014781951904296875 579.8714 579.57385 579.4991 579.1753 579.1325 578.83826 578.63727 565.46545 565.2902 563.4774 563.1863 563.00665 562.7344 562.6951 560.53955 560.4965 560.4593 560.1974 560.1545 559.95374

Data/FacebookNIPS 4039 88234
5 0
1
Random 0.0001518726348876953 688.2195

Data/FacebookNIPS 4039 88234
5 20
5
Exact 4.103784799575806 669.1891 653.66907 642.0394 634.0846 627.18964 621.4214 616.6082 612.2344 608.0786 604.1648 600.30133 596.65967 593.31647 590.1953 587.1747 584.34845 581.63043 579.0199 576.59863 574.19495
Approx:0.5 163.09475994110107 672.5227 653.66907 642.0836 634.1154 627.30237 621.54333 616.72754 612.5157 608.1875 604.4026 600.611 596.73883 593.59406 590.33734 587.8777 584.78876 581.97003 579.28033 576.6785 574.2856
topDegree 0.2479109764099121 684.5654 681.1324 677.8981 673.9261 670.27606 666.9159 663.80475 660.9158 657.82404 654.9696 652.32623 649.86707 644.7984 640.3952 636.527 633.10956 630.06506 627.3432 624.9253 622.771
topCen 1.2690598964691162 677.6524 670.9474 666.23816 664.98676 663.84296 662.7884 662.2969 661.82404 661.3657 661.10126 660.8419 660.5881 660.42175 660.25824 660.0979 657.77374 655.807 654.1022 653.59863 653.1146
Random 0.00015807151794433594 685.5646 681.10876 677.0071 674.0099 671.2608 668.28864 665.73395 662.57654 659.6352 657.3539 653.96796 639.72876 637.3399 627.4295 625.8953 623.60675 621.59827 620.12067 618.7093 617.0816

Data/FacebookNIPS 4039 88234
5 0
1
Random 0.00016808509826660156 558.2718

Data/FacebookNIPS 4039 88234
5 20
5
Exact 4.105029821395874 545.2735 534.1916 526.96533 520.995 515.8619 512.03375 508.6042 505.64386 503.28726 501.05273 499.1275 497.52567 495.9473 494.59106 493.32568 492.1588 491.00122 489.92737 488.8557 487.8231
Approx:0.5 160.40351796150208 545.2735 534.1916 526.9954 521.0246 515.8834 512.0876 509.11234 505.68274 503.3204 501.10864 499.1815 497.58148 495.99902 494.7309 493.3616 492.19415 491.06653 490.00977 488.89383 487.8549
topDegree 0.24428701400756836 558.13135 557.9954 557.86163 557.72925 557.3652 557.01324 556.6761 556.3503 556.3157 556.28107 556.2475 556.21295 555.5573 554.94135 554.3602 553.8134 553.1996 552.636 552.11646 551.6348
topCen 1.2799320220947266 549.4214 543.70966 539.6461 538.5626 537.5674 536.64703 536.21783 535.8032 535.40326 535.171 534.94366 534.7204 534.5746 534.4305 534.2886 532.2221 530.45874 528.91833 528.4634 528.02466
Random 0.0001468658447265625 557.91693 557.80273 557.175 557.0351 556.3641 556.2305 547.1169 539.4486 539.3268 538.82324 538.49414 538.3724 537.894 537.8537 537.5027 537.4688 537.06104 537.0371 536.5806 536.4602

Data/FacebookNIPS 4039 88234
5 0
1
Random 0.00015497207641601562 571.1199

Data/FacebookNIPS 4039 88234
5 20
5
Exact 4.103837013244629 557.6554 544.6263 536.07776 530.098 524.13074 519.7335 516.29926 512.9298 510.2684 508.0322 505.87225 504.08066 502.50046 500.95932 499.47513 498.10538 496.8396 495.58035 494.3465 493.18854
Approx:0.5 160.70552682876587 558.48804 545.0288 536.5159 530.53735 524.2947 519.8953 516.5162 513.0297 510.3669 508.20575 505.92685 504.14008 502.62866 501.0407 499.56052 498.29016 497.05908 495.83713 494.52048 493.38467
topDegree 0.24446392059326172 570.9811 570.8451 570.7123 570.60046 570.4903 570.3823 570.27936 570.23804 570.1969 570.15564 567.8329 565.7586 563.8918 562.2075 560.6757 560.07965 559.52924 559.02 558.5518 558.1158
topCen 1.2926881313323975 562.2461 556.5212 552.4505 551.3654 550.3685 549.44635 549.0157 548.60034 548.1995 547.9667 547.7387 547.51544 547.36975 547.2255 547.0831 545.0144 543.2485 541.7071 541.2521 540.8126
Random 0.00014495849609375 569.0856 569.03723 568.9905 566.9242 566.8864 566.8395 566.80194 565.32874 565.2287 564.5798 562.8571 562.76074 561.37964 560.9249 560.80884 552.50446 552.39594 552.2771 551.8744 551.7533

Data/FacebookNIPS 4039 88234
5 0
1
Random 0.00015616416931152344 574.65094

Data/FacebookNIPS 4039 88234
5 20
5
Exact 4.115092992782593 561.499 549.9479 542.45416 536.43054 531.1272 527.17993 523.72205 520.67487 518.25415 516.0055 514.0297 512.38654 510.7982 509.4114 508.14084 506.9468 505.78543 504.69977 503.62436 502.58105
Approx:0.5 161.50345993041992 563.276 550.2731 542.65094 536.4828 531.1645 527.215 524.15717 520.6979 518.27606 516.07874 514.09357 512.4798 510.9892 509.6142 508.27963 507.06113 505.87738 504.75977 503.72705 502.76855
topDegree 0.2507030963897705 574.4253 574.2029 573.98456 573.43964 572.91815 572.4206 571.941 571.4844 571.0945 570.7226 570.3642 570.0189 569.05176 568.15234 567.3157 566.53235 566.052 565.6025 565.18256 564.7884
topCen 1.2733368873596191 565.70105 559.93384 555.8374 554.7456 553.7432 552.81616 552.38416 551.96643 551.5627 551.3289 551.0998 550.8748 550.7283 550.58344 550.44006 548.3605 546.58673 545.0395 544.58215 544.1408
Random 0.00015115737915039062 574.23224 573.7141 573.2207 572.82306 571.8465 571.3097 570.93365 570.7036 570.3532 570.1822 569.72144 569.51843 569.05914 568.89545 568.73706 568.31244 568.1115 567.7845 567.6302 567.17816

Data/FacebookNIPS 4039 88234
5 0
1
Random 0.00015115737915039062 558.8642

Data/FacebookNIPS 4039 88234
5 20
5
Exact 4.067523956298828 545.9093 536.3963 530.0537 524.0969 519.52167 516.0711 512.6482 509.9577 507.7262 505.5701 503.79797 502.22064 500.73993 499.47412 498.21 497.0525 495.90356 494.78802 493.71716 492.6472
Approx:0.5 160.69389510154724 546.1766 536.66376 530.5069 524.1894 519.60596 516.1564 512.70337 510.06778 507.8874 505.63745 503.8452 502.36896 501.04608 499.86322 498.39218 497.16843 496.06628 494.90103 493.80942 492.73788
topDegree 0.2469029426574707 558.7572 558.65295 558.2603 557.88196 557.5189 557.1707 556.8355 556.2895 555.7684 555.27124 554.7969 554.34094 554.2623 554.1869 554.11273 553.11914 552.21735 551.39496 550.64124 549.9492
topCen 1.2691071033477783 550.0432 544.3464 540.2917 539.21027 538.2168 537.2986 536.87006 536.45636 536.05646 535.8249 535.5977 535.375 535.22974 535.0861 534.944 532.8797 531.1189 529.5805 529.12665 528.6887
Random 0.00016379356384277344 558.3154 558.2367 557.26794 557.1657 556.8051 556.2951 556.1157 556.002 555.9063 555.7942 555.66785 555.5765 555.4842 554.99384 554.5426 554.0893 553.98804 553.8908 553.7398 544.5811

Data/FacebookNIPS 4039 88234
5 0
1
Random 0.00015306472778320312 551.5892

Data/FacebookNIPS 4039 88234
5 20
5
Exact 4.268655061721802 538.63513 528.19434 521.33246 515.37787 510.47314 506.80142 503.38007 500.53183 498.2586 496.02917 494.1684 492.5931 491.04166 489.72403 488.45978 487.30298 486.16275 485.07092 484.0006 482.98505
Approx:0.5 166.26655220985413 538.63513 528.19434 521.36414 515.54065 510.65158 506.97827 503.50638 500.63248 498.3809 496.13855 494.2542 492.68637 491.09454 489.82294 488.5048 487.34146 486.25632 485.1805 484.1426 483.1384
topDegree 0.25188708305358887 551.5018 551.4166 551.3304 550.98175 550.6454 550.32166 550.0106 549.71 549.64966 549.5906 549.53125 549.4749 549.13025 548.80023 548.4863 548.187 547.549 546.96674 546.4274 545.9301
topCen 1.3245601654052734 542.7681 537.07184 533.01917 531.9381 530.9439 530.0259 529.5974 529.1839 528.78467 528.5531 528.3262 528.10345 527.9583 527.8147 527.67285 525.6097 523.84906 522.31116 521.857 521.41907
Random 0.00014591217041015625 550.9716 550.7137 550.2618 549.6092 549.31934 548.74066 548.4655 541.8581 541.76733 541.0846 540.8349 540.6669 540.60455 540.2556 540.17145 539.6934 539.396 539.06793 538.78284 526.17633

Data/FacebookNIPS 4039 88234
5 0
1
Random 0.00015592575073242188 570.6085

Data/FacebookNIPS 4039 88234
5 20
5
Exact 4.291013956069946 556.08075 546.9237 540.5662 535.8978 532.3287 529.5156 527.23663 525.0724 523.14874 521.32654 519.6154 518.0696 516.58093 515.19037 513.9205 512.6683 511.50586 510.3988 509.32486 508.26324
Approx:0.5 168.71782088279724 556.297 546.9831 540.60876 535.9567 532.3742 529.54767 527.2647 525.10095 523.1829 521.35596 519.6423 518.11646 516.6217 515.3724 514.1551 512.8865 511.67355 510.5355 509.41327 508.31177
topDegree 0.2523620128631592 569.9326 569.2748 568.6421 568.02625 567.8562 567.6907 567.5283 567.36755 566.3951 565.47205 564.6004 563.7729 562.9861 559.9519 557.2681 554.878 552.7353 550.80426 550.24493 549.71857
topCen 1.3174829483032227 569.68677 568.81055 567.97296 567.71295 567.4556 567.2016 567.0773 566.9536 566.8313 566.7587 566.68616 566.614 566.5662 566.51855 566.4707 565.7161 564.9834 564.2695 564.0443 563.8207
Random 0.00015091896057128906 570.494 556.57715 556.01794 555.39185 546.7619 546.2275 546.12555 545.17834 542.6589 542.5757 536.52966 536.4495 535.8784 535.3617 533.3773 532.551 531.76935 531.4787 530.7711 528.9694

Data/FacebookNIPS 4039 88234
10 0
1
Random 0.0002980232238769531 544.37067

Data/FacebookNIPS 4039 88234
10 20
5
Exact 4.596776962280273 531.4165 523.1481 517.3479 511.55875 507.2835 503.95395 500.6725 498.07806 495.8992 493.7907 492.04028 490.49493 489.02386 487.72217 486.47214 485.2255 484.05603 482.91412 481.80856 480.74323
Approx:0.5 166.67593908309937 531.9632 523.485 517.54767 511.7477 507.4128 504.08292 500.78076 498.14728 495.9683 493.8253 492.3748 490.61203 489.3091 487.83408 486.6476 485.46088 484.27713 483.12677 482.00854 480.84354
topDegree 0.49951910972595215 544.34424 544.31915 544.29474 544.27155 544.24585 544.22144 544.1972 544.131 544.0663 544.00323 543.9395 543.87726 543.8169 543.7574 543.73517 543.71326 543.69183 543.671 543.6497 543.62866
topCen 1.5721070766448975 540.3241 537.24414 536.39575 535.604 535.23206 534.8719 534.6627 534.45703 534.3229 534.1898 534.09607 534.0034 533.93414 533.86566 533.8127 533.76 533.7182 533.67615 533.6422 533.6084
Random 0.0002880096435546875 544.32275 544.30786 539.2996 539.2722 537.4855 537.41394 537.3961 536.90466 536.8493 536.80115 535.0307 534.97516 534.91077 534.88116 525.6461 522.04346 521.98065 521.9003 521.87024 521.8546

Data/FacebookNIPS 4039 88234
10 0
1
Random 0.0003058910369873047 528.1269

Data/FacebookNIPS 4039 88234
10 20
5
Exact 4.61695408821106 518.4045 511.94257 507.29297 503.79224 501.06598 498.88235 497.09018 495.5922 494.3154 493.19434 492.1195 491.1231 490.13065 489.1583 488.2034 487.25037 486.31802 485.39648 484.48053 483.58237
Approx:0.5 168.67768907546997 518.4045 511.96786 507.3105 503.80673 501.09464 498.93225 497.12384 495.61078 494.38214 493.28543 492.23685 491.1423 490.146 489.17337 488.22507 487.30063 486.34766 485.41483 484.49933 483.601
topDegree 0.504162073135376 528.00415 527.8851 527.76587 527.6491 527.5342 527.4209 527.3096 526.89984 526.5074 526.12976 525.76733 525.41675 525.0843 524.7615 524.4501 524.14966 523.86005 523.3446 522.8545 522.38696
topCen 1.5724639892578125 527.3124 526.52795 525.76965 525.532 525.29645 525.06287 524.94885 524.83484 524.7217 524.65424 524.5872 524.52045 524.476 524.4319 524.3877 524.3563 524.3248 524.2935 524.26996 524.24677
Random 0.0005500316619873047 527.97375 527.869 527.30646 526.90186 526.774 526.2447 525.7531 525.66675 525.5435 525.4165 525.2973 525.15466 525.0524 524.91754 524.80396 518.5635 518.1527 518.0269 517.6747 516.8117

Data/FacebookNIPS 4039 88234
10 0
1
Random 0.0007390975952148438 530.0083

Data/FacebookNIPS 4039 88234
10 20
5
Exact 4.653920888900757 517.09155 511.14804 507.0686 503.6527 500.5144 498.0233 495.79724 493.77518 492.09723 490.5232 489.10962 487.84695 486.63077 485.47534 484.38083 483.31113 482.2586 481.25024 480.25055 479.28
Approx:0.5 165.7204830646515 517.09155 511.14804 507.08133 503.66562 500.54828 498.03854 495.81244 493.80478 492.12283 490.6518 489.33176 488.08142 486.88034 485.6273 484.40573 483.2994 482.19876 481.2253 480.2693 479.33096
topDegree 0.5041320323944092 529.9219 529.8361 529.7521 529.66925 529.58795 529.50793 529.42944 529.3504 529.27386 529.1839 529.09564 529.00934 528.92566 528.84235 528.7614 528.6828 528.60504 528.52905 528.49475 528.4608
topCen 1.5758278369903564 521.2117 515.52875 511.48227 510.40338 509.41156 508.49503 508.06708 507.6546 507.25583 507.02466 506.79788 506.57556 506.43033 506.28696 506.14548 506.04572 505.94666 505.84866 505.77594 505.70352
Random 0.00028896331787109375 517.37274 517.3398 516.8077 513.1603 513.07306 513.03534 512.9571 512.9244 512.8182 512.0792 511.9801 511.897 511.80923 511.77835 511.67526 510.80048 510.03537 510.01126 509.93875 509.90405

Data/FacebookNIPS 4039 88234
10 0
1
Random 0.00030303001403808594 538.6341

Data/FacebookNIPS 4039 88234
10 20
5
Exact 4.637331008911133 525.84125 515.5059 508.7017 502.80154 497.9362 494.2903 490.89627 488.06628 485.80838 483.59348 481.74368 480.17618 478.63354 477.3223 476.06305 474.90997 473.7727 472.68396 471.61664 470.60483
Approx:0.5 167.80322098731995 525.84125 515.6044 508.704 502.80386 497.94507 494.3353 490.97726 488.15036 485.86188 483.61078 481.7741 480.30762 478.79022 477.4548 476.1388 474.9405 473.79367 472.68976 471.59155 470.5642
topDegree 0.5085639953613281 538.5997 538.5646 538.5309 538.4963 538.464 538.43 538.3311 538.2347 538.1403 538.0484 537.9587 537.86884 537.78357 537.6988 537.68365 537.66925 537.6535 537.63904 537.6252 537.6106
topCen 1.5720422267913818 529.9205 524.2799 520.2607 519.1884 518.20215 517.29083 516.8653 516.45447 516.05774 515.82764 515.60175 515.3804 515.23596 515.0932 514.95233 514.8531 514.75464 514.6568 514.5846 514.5123
Random 0.0002880096435546875 538.6186 538.53314 528.80023 528.68494 528.0867 528.0506 528.01666 527.9049 527.86786 527.8587 527.647 527.61237 527.56067 527.45404 527.43787 527.4057 527.37274 527.3636 527.2716 527.2504

Data/FacebookNIPS 4039 88234
10 0
1
Random 0.0003039836883544922 508.37927

Data/FacebookNIPS 4039 88234
10 20
5
Exact 4.63701605796814 498.78275 492.39316 487.7886 484.3191 481.61566 479.44894 477.66956 476.18173 474.91345 473.79547 472.72406 471.67792 470.68948 469.71063 468.75967 467.83652 466.91904 466.03046 465.15378 464.31677
Approx:0.5 165.59768295288086 498.78275 492.39316 487.7978 484.3553 481.6396 479.4678 477.693 476.20267 474.94418 473.8176 472.73782 471.69165 470.70142 469.7226 468.77026 467.84714 466.97043 466.0518 465.25757 464.42047
topDegree 0.49646711349487305 508.35718 508.3358 508.31357 508.29324 508.27133 508.25006 508.22885 508.06738 507.90967 507.75626 507.6076 507.4627 507.32297 507.18646 507.053 506.92352 506.85345 506.78345 506.71597 506.64883
topCen 1.5594210624694824 507.33295 506.354 505.4311 505.1468 504.86682 504.59113 504.45697 504.32373 504.19153 504.11346 504.03534 503.9579 503.9065 503.8553 503.8042 503.76776 503.7315 503.69543 503.66833 503.64154
Random 0.00028395652770996094 508.2238 508.1581 508.00662 507.40662 507.38574 507.36823 507.3368 507.161 507.0555 506.95395 506.8441 506.81262 506.73184 506.59387 506.57498 506.55637 506.48145 506.41943 506.3592 506.24274

Data/FacebookNIPS 4039 88234
10 0
1
Random 0.0002989768981933594 531.3082

Data/FacebookNIPS 4039 88234
10 20
5
Exact 4.413336992263794 518.5606 512.6746 507.34177 503.4296 500.0426 497.021 494.62006 492.40875 490.4615 488.84485 487.27942 485.90433 484.64597 483.47443 482.32236 481.24026 480.17358 479.13428 478.12308 477.126
Approx:0.5 162.29043197631836 518.5606 512.8936 507.56082 503.6627 500.63593 497.15857 494.76685 492.48593 490.55032 488.90994 487.40714 486.11014 484.83252 483.65643 482.38834 481.33243 480.32422 479.30978 478.31744 477.35345
topDegree 0.49605607986450195 531.2854 531.2632 531.2411 531.2198 531.1992 531.17816 531.1564 531.09753 531.0399 530.98193 530.9264 530.87115 530.81726 530.76447 530.7105 530.6834 530.657 530.6301 530.6042 530.5788
topCen 1.5850040912628174 522.62445 516.9998 512.9889 511.91867 510.9344 510.0245 509.59973 509.1896 508.79343 508.56387 508.33835 508.1174 507.97318 507.83057 507.69006 507.5906 507.49228 507.3952 507.32242 507.25058
Random 0.00032019615173339844 531.2729 531.21924 530.16095 526.53217 526.5153 526.4563 525.54266 524.6794 524.6457 524.60406 524.57776 524.5568 520.4945 520.4608 520.4049 520.34784 520.31866 520.26227 520.2224 520.19525

Data/FacebookNIPS 4039 88234
10 0
1
Random 0.0002999305725097656 536.2532

Data/FacebookNIPS 4039 88234
10 20
5
Exact 4.473895072937012 523.2195 513.59753 507.1933 501.2121 496.59818 493.12225 489.68707 486.97833 484.74142 482.57202 480.78943 479.21027 477.7216 476.45 475.18408 474.0257 472.9071 471.83542 470.76334 469.76175
Approx:0.5 155.7510120868683 524.0281 514.4059 507.96216 501.5575 496.94543 493.47812 490.0314 487.32108 484.9576 482.7793 481.00772 479.52814 477.9452 476.60034 475.3807 474.1089 472.9818 471.90317 470.91443 469.79425
topDegree 0.47878098487854004 536.13605 536.0227 535.9099 535.79974 535.6916 535.5848 535.4795 535.3768 535.20465 535.0374 534.875 534.71765 534.5634 534.4152 534.2689 534.1259 533.9869 533.9802 533.9737 533.9668
topCen 1.5162248611450195 527.3787 521.655 517.5856 516.5011 515.5042 514.58307 514.15344 513.73883 513.3385 513.1064 512.8784 512.6553 512.50934 512.3651 512.2227 512.12274 512.0229 511.92444 511.85153 511.7787
Random 0.00028896331787109375 536.1678 536.0328 535.94275 535.7702 535.6546 535.56616 535.4565 526.35474 525.9377 525.8307 525.7249 525.5961 525.4114 525.0724 524.9564 524.8579 524.8186 524.45917 524.30865 524.06696

Data/FacebookNIPS 4039 88234
10 0
1
Random 0.0002989768981933594 527.75397

Data/FacebookNIPS 4039 88234
10 20
5
Exact 4.411399841308594 514.79565 508.83997 504.67566 501.25308 498.10248 495.61295 493.38358 491.3701 489.711 488.13556 486.7332 485.46915 484.27307 483.11664 482.02573 480.95554 479.90823 478.90796 477.94275 476.9945
Approx:0.5 160.37204003334045 514.79565 508.83997 504.67566 501.25308 498.10568 495.6293 493.39984 491.37573 489.711 488.13556 486.74356 485.47934 484.32297 483.14227 482.02808 481.00644 479.95853 478.97168 478.00574 477.16516
topDegree 0.47702789306640625 527.6808 527.60944 527.5393 527.4689 527.4005 527.33246 527.26526 527.1993 527.1378 527.0774 527.0177 526.959 526.90106 526.84485 526.7889 526.7339 526.72534 526.71576 526.7055 526.6969
topCen 1.5184190273284912 518.93 513.2322 509.17862 508.09793 507.1044 506.18622 505.75793 505.34454 504.945 504.71353 504.48682 504.26385 504.11835 503.9746 503.83276 503.7329 503.63397 503.53568 503.4629 503.39044
Random 0.00028705596923828125 527.65234 527.64276 527.5662 527.491 527.15094 527.0947 527.0119 526.93005 525.985 525.9771 525.9249 525.8442 525.7895 525.2958 525.2866 524.47656 524.41187 524.36346 524.2912 524.2406

Data/FacebookNIPS 4039 88234
10 0
1
Random 0.0003020763397216797 565.86395

Data/FacebookNIPS 4039 88234
10 20
5
Exact 4.412027835845947 552.38947 539.37756 530.82404 524.8495 518.8801 514.48145 511.04977 507.67844 505.0161 502.78156 500.6206 498.82877 497.24966 495.73032 494.24503 492.8928 491.62772 490.36746 489.14932 487.99182
Approx:0.5 158.42546200752258 552.84534 539.37756 530.8247 524.8508 518.9041 514.49274 511.06128 507.70145 505.03577 502.868 500.63303 498.84363 497.26465 495.8009 494.50842 493.2431 491.81445 490.54828 489.39145 488.2643
topDegree 0.4755098819732666 565.7354 565.61145 565.4877 565.3657 565.2452 565.12854 565.0125 564.73047 564.4606 564.19965 563.94666 563.7016 563.46344 563.23376 563.2204 563.2063 563.19293 563.1795 563.1666 563.1531
topCen 1.5181078910827637 557.00037 551.2814 547.21423 546.13007 545.1329 544.21173 543.78186 543.3673 542.9668 542.7343 542.5066 542.28345 542.1375 541.99335 541.8513 541.7511 541.6514 541.55304 541.4798 541.40717
Random 0.0002880096435546875 565.74097 565.5418 563.35443 563.3386 550.46985 550.19867 550.0717 549.7794 541.4489 541.439 539.9057 539.63275 539.48676 539.14886 538.51776 538.42285 538.3295 538.15625 536.7699 535.561

Data/FacebookNIPS 4039 88234
10 0
1
Random 0.00030112266540527344 539.7768

Data/FacebookNIPS 4039 88234
10 20
5
Exact 4.413457870483398 527.0693 517.0546 510.43076 504.55862 499.8063 496.23718 492.856 490.08093 487.86258 485.65503 483.8346 482.2708 480.75253 479.4595 478.20193 477.05045 475.92184 474.8403 473.77432 472.77347
Approx:0.5 161.35251212120056 527.0693 517.0546 510.6513 504.7792 499.97012 496.3537 493.0074 490.20905 487.9517 485.81003 484.23352 482.3845 480.849 479.50937 478.2165 477.00122 475.86493 474.74866 473.66037 472.66013
topDegree 0.48903393745422363 539.75665 539.7366 539.7164 539.6971 539.67633 539.6564 539.6371 539.3958 539.1632 538.937 538.71893 538.5095 538.307 538.10944 537.91846 537.7337 537.5549 537.4482 537.3437 537.24133
topCen 1.5125980377197266 531.1199 525.50934 521.5069 520.4385 519.45593 518.54736 518.1233 517.71387 517.3183 517.089 516.8642 516.6433 516.4993 516.3571 516.2164 516.1174 516.01904 515.92206 515.8494 515.7776
Random 0.0002810955047607422 539.6829 539.66626 539.5521 539.3311 539.3158 539.3015 539.22424 539.2032 539.18176 538.9616 538.7777 538.6675 538.4383 538.1797 537.96576 537.94696 537.3914 537.2915 536.818 536.713

Data/HepTh 8638 24806
5 0
1
Random 0.0003368854522705078 6767.632

Data/HepTh 8638 24806
5 20
5
Exact 14.812993049621582 6661.0303 6574.631 6503.258 6443.3994 6392.398 6348.4263 6307.671 6268.588 6231.1406 6197.8228 6168.296 6139.822 6114.1875 6089.759 6067.6807 6046.783 6027.25 6008.8726 5991.6743 5975.829
Approx:0.5 145.36633801460266 6661.357 6574.91 6503.392 6443.5815 6392.515 6349.164 6309.858 6269.645 6234.287 6198.719 6169.3438 6140.5947 6115.05 6090.4263 6069.002 6049.2056 6028.797 6010.2905 5993.3384 5977.763
topDegree 0.5161340236663818 6662.991 6581.3027 6515.796 6462.0786 6417.219 6369.466 6329.5435 6295.7207 6266.672 6241.478 6215.087 6192.236 6172.271 6154.665 6139.0366 6122.4634 6107.9014 6094.996 6083.484 6073.161
topCen 8.273430109024048 6718.6143 6712.6177 6711.019 6709.982 6709.4756 6709.05 6708.7856 6708.5566 6708.392 6708.25 6669.0874 6665.544 6664.2075 6663.5107 6663.084 6634.4976 6631.747 6630.7085 6630.151 6629.817
Random 0.0003199577331542969 6689.1733 6611.9346 6552.978 6510.6465 6470.0005 6435.597 6389.4253 6356.5483 6334.5503 6302.5947 6284.9736 6267.968 6239.3994 6216.361 6200.903 6185.6445 6165.445 6152.295 6137.005 6126.78

Data/HepTh 8638 24806
5 0
1
Random 0.00040793418884277344 7092.2324

Data/HepTh 8638 24806
5 20
5
Exact 15.270106077194214 6918.2417 6784.7446 6679.066 6593.4956 6522.6025 6462.9014 6412.0063 6368.0903 6327.3955 6288.1475 6250.6577 6217.36 6187.842 6159.3677 6133.7124 6109.2295 6087.138 6066.2446 6046.623 6028.256
Approx:0.5 145.79601192474365 6918.381 6784.7446 6679.066 6593.4956 6522.6626 6463.0425 6416.604 6368.8726 6327.479 6291.747 6256.34 6220.6963 6191.117 6165.2114 6137.0073 6112.4087 6090.2363 6069.387 6052.9697 6035.4595
topDegree 0.5265278816223145 6919.15 6791.3467 6693.186 6615.361 6552.1875 6487.413 6434.469 6390.419 6353.1553 6321.2744 6288.278 6260.0503 6235.6387 6214.3223 6195.5225 6175.5205 6158.116 6142.802 6129.201 6117.094
topCen 8.570137023925781 7029.275 7021.7075 7019.6616 7018.3433 7017.6885 7017.1504 7016.8154 7016.521 7016.326 7016.149 6964.101 6959.43 6957.6377 6956.722 6956.166 6915.2656 6911.3315 6909.869 6909.0776 6908.589
Random 0.00032591819763183594 6944.4526 6870.389 6768.095 6699.6313 6644.222 6573.301 6510.464 6480.396 6450.9297 6421.7783 6380.2056 6354.672 6328.7695 6303.5938 6281.359 6256.6577 6234.5166 6221.867 6205.7373 6194.295

Data/HepTh 8638 24806
5 0
1
Random 0.00033211708068847656 7058.497

Data/HepTh 8638 24806
5 20
5
Exact 15.009073972702026 6891.9336 6763.407 6661.183 6578.1567 6509.2695 6451.267 6401.6826 6358.8027 6318.476 6279.5493 6242.425 6209.761 6180.5825 6152.434 6127.121 6103.033 6081.2686 6060.4653 6041.232 6022.969
Approx:0.5 151.49898314476013 6891.9336 6763.496 6661.183 6578.446 6509.711 6451.4424 6401.896 6359.0923 6319.709 6281.795 6244.5054 6214.23 6182.2695 6153.917 6128.613 6105.761 6082.3755 6063.1543 6042.469 6023.8604
topDegree 0.5285170078277588 6892.213 6768.93 6673.9023 6598.4253 6537.037 6474.2466 6422.829 6379.921 6343.5903 6312.4595 6280.1704 6252.514 6228.5996 6207.6597 6189.2095 6169.619 6152.5117 6137.4526 6124.092 6112.1875
topCen 8.517068147659302 6997.578 6990.232 6988.2837 6986.956 6986.322 6985.7896 6985.48 6985.1914 6984.986 6984.8164 6934.2236 6929.647 6927.9272 6927.039 6926.48 6887.0234 6883.2407 6881.82 6881.0244 6880.5635
Random 0.0003139972686767578 6903.7183 6777.227 6696.2163 6629.5576 6593.4116 6544.2915 6501.493 6455.546 6411.685 6378.416 6351.0425 6342.4634 6319.346 6289.827 6260.5254 6242.579 6224.9194 6204.776 6184.49 6166.17

Data/HepTh 8638 24806
5 0
1
Random 0.00032782554626464844 6773.3916

Data/HepTh 8638 24806
5 20
5
Exact 15.034319877624512 6669.297 6584.827 6514.8203 6455.907 6405.656 6362.21 6321.6304 6282.4844 6245.2197 6212.262 6183.0215 6154.6 6129.17 6104.8594 6082.924 6062.0703 6042.659 6024.348 6007.2915 5991.46
Approx:0.5 148.3887631893158 6669.47 6584.938 6514.9565 6455.925 6405.673 6362.5366 6323.4272 6283.8765 6246.4478 6213.489 6184.5767 6156.1055 6130.791 6106.451 6084.5166 6063.6226 6044.346 6029.0645 6012.3545 5996.616
topDegree 0.5311551094055176 6669.6445 6588.758 6523.887 6470.6797 6426.3257 6379.7993 6340.9062 6307.836 6279.4043 6254.7188 6228.7773 6206.2837 6186.636 6169.2793 6153.865 6137.4487 6123.002 6110.201 6098.77 6088.5312
topCen 8.461312055587769 6724.564 6718.587 6717.027 6715.968 6715.4644 6715.034 6714.777 6714.537 6714.3877 6714.2446 6675.6177 6672.1235 6670.7954 6670.1045 6669.6807 6641.5757 6638.8643 6637.8433 6637.3037 6636.9766
Random 0.00031495094299316406 6730.032 6675.7046 6638.2266 6567.754 6534.052 6472.5337 6437.7686 6400.0137 6359.7227 6330.876 6296.5312 6281.049 6260.868 6239.65 6220.0776 6199.076 6177.385 6160.3955 6146.5093 6137.1387

Data/HepTh 8638 24806
5 0
1
Random 0.00034308433532714844 7016.2935

Data/HepTh 8638 24806
5 20
5
Exact 14.857180118560791 6858.9233 6736.794 6639.144 6559.307 6492.7666 6436.4595 6388.2534 6345.9536 6306.167 6267.8906 6234.2393 6204.451 6175.882 6148.359 6123.072 6099.0825 6077.46 6056.685 6037.4785 6019.28
Approx:0.5 146.09798908233643 6859.772 6737.384 6640.421 6560.403 6493.8203 6437.439 6389.3657 6346.903 6307.1577 6269.6143 6235.914 6206.0146 6178.2075 6149.879 6127.682 6103.434 6080.093 6059.1733 6040.1074 6021.923
topDegree 0.5157420635223389 6859.2314 6742.0054 6651.172 6578.758 6519.629 6459.135 6409.434 6367.8896 6332.6226 6302.3345 6270.7715 6243.7104 6220.234 6199.7217 6181.575 6162.32 6145.514 6130.69 6117.537 6105.795
topCen 8.193344116210938 6957.243 6950.124 6948.216 6946.948 6946.332 6945.8296 6945.518 6945.2427 6945.05 6944.8657 6895.961 6891.547 6889.8647 6888.9985 6888.4526 6850.5103 6846.886 6845.494 6844.773 6844.3228
Random 0.00032019615173339844 6892.865 6802.327 6734.9023 6650.117 6590.815 6557.2534 6497.5757 6448.5146 6425.422 6401.4624 6371.0273 6344.0923 6327.134 6299.5557 6268.0 6246.9043 6226.1055 6214.978 6196.31 6175.835

Data/HepTh 8638 24806
5 0
1
Random 0.0003261566162109375 6255.3423

Data/HepTh 8638 24806
5 20
5
Exact 15.178241968154907 6218.6665 6183.7964 6151.5815 6123.912 6099.658 6077.8076 6057.031 6037.6655 6019.433 6002.468 5986.7065 5971.527 5956.982 5942.633 5928.9688 5915.5444 5902.51 5889.6396 5877.0464 5865.0117
Approx:0.5 149.7691068649292 6222.285 6187.755 6153.2617 6125.598 6101.3164 6079.4937 6059.587 6039.228 6021.0024 6004.002 5989.553 5974.0522 5959.4 5945.23 5931.417 5918.245 5905.586 5892.492 5878.6846 5866.8237
topDegree 0.5201950073242188 6229.1484 6206.5576 6186.9688 6169.7646 6154.536 6137.8374 6123.052 6109.915 6098.14 6087.5205 6075.9473 6065.6084 6056.254 6047.8 6040.0903 6031.659 6024.067 6017.1973 6010.9663 6005.2725
topCen 8.576626062393188 6221.723 6217.5806 6216.4746 6215.7466 6215.388 6215.081 6214.898 6214.736 6214.624 6214.519 6190.697 6188.488 6187.6626 6187.2305 6186.961 6173.4033 6172.08 6171.5864 6171.317 6171.1606
Random 0.00034689903259277344 6231.125 6208.1177 6192.8066 6180.659 6162.846 6147.776 6132.6187 6120.6123 6109.9565 6102.652 6095.127 6083.446 6074.258 6066.535 6057.9917 6049.6406 6043.4224 6035.9067 6029.2026 6016.462

Data/HepTh 8638 24806
5 0
1
Random 0.0003349781036376953 6627.3643

Data/HepTh 8638 24806
5 20
5
Exact 15.151563882827759 6550.1963 6485.7188 6431.0645 6384.22 6342.3774 6303.118 6264.6914 6229.4434 6198.367 6169.566 6142.665 6117.828 6094.7207 6073.636 6053.214 6034.5464 6016.624 6000.2466 5984.581 5969.6733
Approx:0.5 144.75787711143494 6550.6147 6486.065 6437.793 6392.9883 6345.1655 6305.228 6264.995 6229.622 6198.4644 6169.6597 6142.909 6118.033 6096.3545 6073.8423 6053.5405 6034.878 6017.0396 6001.4346 5986.6772 5972.578
topDegree 0.5201599597930908 6550.219 6488.445 6437.8535 6395.6646 6359.958 6322.377 6290.4966 6263.084 6239.3145 6218.455 6196.1616 6176.76 6159.6665 6144.4644 6130.9014 6116.3525 6103.5127 6092.115 6081.87 6072.645
topCen 8.550233840942383 6584.461 6579.2295 6577.833 6576.904 6576.4385 6576.055 6575.824 6575.6147 6575.48 6575.352 6541.9 6538.8755 6537.732 6537.125 6536.7617 6513.599 6511.385 6510.54 6510.0854 6509.8135
Random 0.0003178119659423828 6557.9043 6510.419 6480.94 6454.0225 6405.3447 6370.022 6351.643 6314.678 6284.262 6269.386 6241.496 6228.197 6213.5967 6201.6997 6180.3813 6163.4976 6149.0723 6137.7554 6121.9834 6114.8247

Data/HepTh 8638 24806
5 0
1
Random 0.0004048347473144531 6609.0103

Data/HepTh 8638 24806
5 20
5
Exact 15.016407012939453 6534.6255 6472.2847 6419.457 6373.968 6332.664 6293.1543 6255.1855 6220.9004 6190.5273 6161.8413 6135.55 6111.013 6088.3145 6067.3247 6047.248 6028.759 6011.136 5995.026 5979.446 5964.588
Approx:0.5 147.9800889492035 6534.803 6472.4717 6419.9717 6375.899 6333.153 6293.6665 6257.1597 6221.208 6191.6006 6161.96 6136.301 6111.086 6089.4556 6069.3833 6048.2827 6031.8296 6013.5767 5995.872 5979.699 5965.7734
topDegree 0.5273890495300293 6535.918 6477.025 6428.5713 6387.985 6353.5137 6316.198 6284.5015 6257.313 6233.671 6212.937 6191.173 6172.1436 6155.3696 6140.452 6127.144 6112.6484 6099.851 6088.474 6078.269 6069.093
topCen 8.44529390335083 6565.904 6560.6606 6559.2637 6558.316 6557.87 6557.498 6557.2734 6557.0586 6556.9204 6556.788 6523.7754 6520.779 6519.6367 6519.0645 6518.6934 6496.2656 6494.091 6493.2603 6492.842 6492.583
Random 0.0003180503845214844 6575.6763 6512.9727 6482.5513 6433.674 6390.628 6362.6143 6326.6274 6304.7803 6282.699 6261.141 6241.8066 6222.717 6200.17 6179.153 6160.617 6146.5884 6129.921 6118.346 6105.865 6093.706

Data/HepTh 8638 24806
5 0
1
Random 0.00038886070251464844 6193.4727

Data/HepTh 8638 24806
5 20
5
Exact 15.150339126586914 6158.0737 6126.0386 6096.561 6070.391 6048.3584 6028.247 6010.401 5994.2104 5978.6875 5963.6567 5949.205 5934.935 5921.528 5908.372 5895.6045 5883.0015 5870.935 5859.0874 5847.411 5836.0425
Approx:0.5 145.0022099018097 6162.0195 6126.771 6097.252 6072.186 6050.084 6029.9336 6014.9653 5997.248 5981.539 5966.1025 5951.6055 5937.0117 5924.208 5911.234 5899.441 5887.5366 5874.1953 5862.2974 5849.903 5838.7725
topDegree 0.5197658538818359 6177.632 6163.541 6150.9185 6139.5767 6124.0894 6110.3887 6098.1426 6087.1665 6077.249 6066.512 6056.826 6048.0903 6040.176 6032.988 6025.1206 6018.0166 6011.624 6005.7637 6000.4053 5994.362
topCen 8.447597026824951 6160.9604 6156.932 6155.8594 6155.133 6154.7812 6154.4834 6154.3047 6154.145 6154.037 6153.936 6131.33 6129.2563 6128.471 6128.0537 6127.805 6115.3115 6114.091 6113.634 6113.39 6113.2437
Random 0.0003190040588378906 6174.8003 6158.4453 6144.092 6131.818 6122.1436 6112.5264 6101.138 6088.231 6078.346 6067.3325 6057.902 6051.6514 6045.032 6036.3696 6029.1255 6021.267 6014.1304 6007.5625 6003.5063 5997.668

Data/HepTh 8638 24806
5 0
1
Random 0.0003287792205810547 6493.9766

Data/HepTh 8638 24806
5 20
5
Exact 15.181631088256836 6437.768 6389.7983 6347.599 6307.7417 6269.207 6233.3545 6201.69 6172.806 6145.492 6120.482 6096.9707 6075.7705 6055.094 6036.322 6018.232 6001.6035 5985.7905 5970.554 5955.8965 5941.503
Approx:0.5 147.54401898384094 6437.768 6389.7983 6348.2876 6308.5723 6270.6826 6240.326 6204.3506 6174.09 6148.2725 6122.261 6100.507 6077.8203 6057.231 6038.5234 6020.5054 6004.0225 5989.145 5974.7715 5959.3545 5945.4424
topDegree 0.5149731636047363 6437.768 6391.655 6353.151 6320.4683 6292.387 6262.5845 6236.9487 6214.6606 6195.1196 6177.806 6159.243 6142.8765 6128.3896 6115.419 6103.771 6091.182 6080.0063 6069.9805 6060.9775 6052.8354
topCen 8.495503187179565 6454.499 6449.6616 6448.3706 6447.495 6447.0635 6446.716 6446.4976 6446.3047 6446.173 6446.0483 6416.69 6413.999 6412.9893 6412.4746 6412.144 6392.916 6391.066 6390.352 6389.9897 6389.7686
Random 0.0003268718719482422 6453.617 6412.9194 6388.7773 6367.7905 6332.371 6301.581 6286.162 6265.8525 6249.577 6224.4204 6213.1714 6192.7188 6177.081 6159.1787 6149.628 6136.5874 6122.385 6113.0557 6105.3867 6093.6924

Data/HepTh 8638 24806
10 0
1
Random 0.0008389949798583984 5921.2905

Data/HepTh 8638 24806
10 20
5
Exact 15.824928998947144 5889.877 5865.407 5843.403 5821.5864 5805.132 5789.4907 5777.4766 5765.513 5753.867 5743.9263 5734.174 5724.597 5715.1055 5705.724 5696.529 5687.433 5679.613 5671.9863 5664.4707 5656.98
Approx:0.5 144.40348601341248 5890.284 5865.8184 5844.5566 5822.559 5806.095 5790.4614 5778.44 5766.8213 5754.8413 5745.6553 5736.054 5726.532 5716.6284 5706.9185 5699.658 5690.492 5681.418 5673.8896 5666.7886 5658.969
topDegree 1.046199083328247 5918.4697 5915.893 5913.449 5911.2383 5909.139 5907.21 5905.387 5903.7075 5902.1006 5900.596 5898.428 5896.4033 5894.501 5892.7324 5891.0557 5889.492 5888.037 5886.6294 5885.3247 5884.0825
topCen 9.169524908065796 5892.1133 5888.4756 5887.503 5886.8535 5886.531 5886.26 5886.094 5885.9487 5885.851 5885.7573 5885.6885 5885.6245 5885.577 5885.529 5885.491 5885.457 5885.426 5885.399 5885.3745 5885.354
Random 0.000637054443359375 5919.1924 5916.6133 5914.6025 5911.6733 5908.7417 5906.0195 5903.6304 5890.397 5887.9604 5885.9385 5883.4536 5881.2354 5879.1465 5877.1787 5869.4775 5867.6333 5865.9453 5864.297 5862.6772 5860.9844

Data/HepTh 8638 24806
10 0
1
Random 0.0008151531219482422 6070.028

Data/HepTh 8638 24806
10 20
5
Exact 16.092466115951538 6036.9087 6008.8 5982.9277 5958.8525 5939.9155 5921.618 5906.6323 5892.406 5879.1147 5866.6274 5854.4595 5842.735 5831.248 5820.0024 5808.822 5798.0913 5787.4985 5777.0854 5767.0386 5757.4326
Approx:0.5 144.65850400924683 6043.894 6015.9946 5983.0327 5958.9224 5939.97 5922.659 5908.464 5894.242 5880.9507 5869.0405 5857.534 5846.2217 5834.426 5822.949 5812.0938 5800.0854 5789.869 5779.264 5769.8877 5760.6523
topDegree 1.0281779766082764 6059.1304 6049.3804 6040.627 6032.713 6025.529 6018.999 6012.982 6007.479 6002.3955 5997.696 5990.8457 5984.6187 5978.9165 5973.688 5968.874 5964.42 5960.3 5956.4707 5952.8877 5949.5728
topCen 9.392928123474121 6039.432 6035.62 6034.6113 6033.931 6033.591 6033.307 6033.138 6032.981 6032.8784 6032.782 6032.711 6032.645 6032.592 6032.545 6032.506 6032.468 6032.439 6032.408 6032.3853 6032.3604
Random 0.000637054443359375 6060.4272 6054.4146 6046.168 6037.9976 6025.0024 6017.6436 6011.0303 6004.0537 5998.0527 5991.981 5987.2153 5982.2593 5975.5054 5962.641 5957.589 5950.221 5945.2646 5940.249 5935.49 5930.984

Data/HepTh 8638 24806
10 0
1
Random 0.0008180141448974609 6034.0244

Data/HepTh 8638 24806
10 20
5
Exact 16.147955894470215 6001.1377 5974.016 5949.128 5925.6245 5907.6553 5889.8706 5875.671 5861.876 5848.999 5837.2 5826.1074 5815.03 5804.044 5793.251 5782.8535 5772.744 5762.8076 5753.143 5743.645 5734.6953
Approx:0.5 147.29182410240173 6001.629 5978.118 5951.475 5928.7075 5910.8594 5892.9287 5879.0723 5864.9062 5851.994 5840.1895 5829.2407 5818.1807 5807.6646 5796.706 5785.74 5775.6304 5765.813 5756.004 5746.4395 5737.4893
topDegree 1.0529460906982422 6025.146 6017.171 6009.9805 6003.421 5997.4863 5992.018 5986.9966 5982.372 5978.098 5974.138 5968.5366 5963.411 5958.683 5954.335 5950.317 5946.581 5943.128 5939.907 5936.8716 5934.048
topCen 9.525607109069824 6003.6187 5999.8193 5998.817 5998.146 5997.8066 5997.5273 5997.359 5997.21 5997.111 5997.014 5996.9434 5996.879 5996.8276 5996.7793 5996.7407 5996.7017 5996.6733 5996.642 5996.619 5996.595
Random 0.0007731914520263672 6027.193 6020.8228 6015.134 6008.82 6002.7007 5996.256 5989.516 5984.0 5979.485 5974.867 5970.3784 5966.0986 5961.3994 5958.237 5954.388 5949.965 5947.1045 5943.13 5940.5024 5937.3926

Data/HepTh 8638 24806
10 0
1
Random 0.0008158683776855469 5935.167

Data/HepTh 8638 24806
10 20
5
Exact 15.617816925048828 5903.5938 5878.6646 5856.3223 5834.196 5817.625 5801.6826 5788.958 5776.6885 5764.965 5754.8315 5744.9004 5735.183 5725.5386 5716.0464 5706.6367 5697.349 5689.2905 5681.396 5673.825 5666.4585
Approx:0.5 148.749507188797 5903.5938 5878.6646 5856.6914 5834.583 5817.998 5802.079 5789.332 5777.0615 5765.336 5755.831 5746.0186 5736.4834 5727.1113 5717.457 5707.64 5698.355 5690.762 5682.831 5675.7285 5667.7524
topDegree 1.0226609706878662 5931.6313 5928.425 5925.4277 5922.657 5920.125 5917.733 5915.5225 5913.4497 5911.5127 5909.7026 5907.1523 5904.8047 5902.5923 5900.5444 5898.6064 5896.809 5895.1055 5893.4966 5892.0 5890.5767
topCen 8.819319009780884 5905.858 5902.205 5901.2314 5900.573 5900.2476 5899.9775 5899.8145 5899.667 5899.567 5899.473 5899.409 5899.343 5899.297 5899.2485 5899.214 5899.177 5899.149 5899.1206 5899.0977 5899.0747
Random 0.0006270408630371094 5932.3467 5929.0684 5926.292 5923.188 5920.212 5917.3423 5914.8364 5912.269 5909.779 5907.102 5905.0405 5902.5303 5899.979 5896.605 5894.605 5892.4243 5890.7505 5888.4893 5886.596 5884.31

Data/HepTh 8638 24806
10 0
1
Random 0.0008180141448974609 5962.927

Data/HepTh 8638 24806
10 20
5
Exact 15.886420965194702 5930.9937 5905.495 5882.596 5860.107 5843.182 5826.754 5813.7393 5801.117 5789.096 5778.562 5768.222 5758.1606 5748.1978 5738.3276 5728.584 5718.8677 5710.38 5702.008 5693.8867 5686.131
Approx:0.5 149.65763902664185 5932.324 5906.826 5884.309 5861.4326 5844.51 5828.074 5815.4263 5802.556 5790.5312 5780.028 5769.958 5760.005 5750.5195 5740.6636 5732.099 5722.156 5712.47 5704.311 5696.6567 5689.445
topDegree 1.0391499996185303 5958.039 5953.601 5949.5034 5945.744 5942.287 5939.0986 5936.098 5933.3457 5930.77 5928.3394 5924.958 5921.818 5918.9062 5916.205 5913.679 5911.304 5909.1025 5907.018 5905.057 5903.2065
topCen 9.232934951782227 5933.317 5929.6245 5928.6406 5927.982 5927.653 5927.3804 5927.2153 5927.0674 5926.968 5926.875 5926.8076 5926.742 5926.691 5926.645 5926.6074 5926.5703 5926.542 5926.5146 5926.49 5926.4673
Random 0.0006320476531982422 5958.4146 5954.3228 5950.5366 5946.7896 5943.0684 5939.831 5936.6396 5933.765 5918.083 5915.442 5907.987 5905.1064 5902.246 5899.3306 5896.4546 5894.098 5892.002 5888.6567 5886.2866 5883.2495

Data/HepTh 8638 24806
10 0
1
Random 0.0008149147033691406 6091.3237

Data/HepTh 8638 24806
10 20
5
Exact 15.768089056015015 6057.661 6029.084 6002.911 5980.3726 5961.121 5942.5737 5927.2573 5912.8374 5899.3657 5886.5522 5874.2505 5862.236 5850.4043 5838.9443 5827.5723 5816.419 5805.6216 5794.9766 5784.638 5774.778
Approx:0.5 145.68023085594177 6057.661 6029.735 6003.5083 5980.955 5962.3306 5945.391 5931.788 5917.3535 5904.3853 5889.285 5876.933 5865.2026 5853.318 5842.203 5830.5986 5820.7363 5809.5273 5798.4043 5788.0986 5778.6816
topDegree 1.0409009456634521 6079.2915 6068.5586 6058.979 6050.349 6042.531 6035.439 6028.963 6023.011 6017.5312 6012.4805 6005.3623 5998.894 5992.998 5987.6206 5982.6177 5978.0264 5973.773 5969.816 5966.1323 5962.718
topCen 9.161048889160156 6060.2563 6056.4077 6055.379 6054.69 6054.3506 6054.0625 6053.889 6053.732 6053.6304 6053.5337 6053.462 6053.395 6053.3457 6053.297 6053.2563 6053.2207 6053.1875 6053.157 6053.133 6053.1104
Random 0.0006430149078369141 6083.606 6076.2573 6064.885 6058.821 6052.9478 6043.21 6035.114 6028.812 6022.5186 6016.6655 6009.272 6002.079 5995.7705 5990.87 5986.1475 5981.5327 5977.7383 5973.083 5972.026 5967.609

Data/HepTh 8638 24806
10 0
1
Random 0.0008111000061035156 6012.2793

Data/HepTh 8638 24806
10 20
5
Exact 15.999610900878906 5979.649 5952.8076 5928.2295 5904.9175 5887.2153 5873.157 5859.45 5846.7134 5835.0312 5823.69 5812.734 5801.8833 5791.1084 5780.452 5770.1416 5760.3955 5750.8477 5741.559 5732.5176 5723.8286
Approx:0.5 146.70752215385437 5979.649 5953.211 5928.6143 5905.2954 5887.5854 5873.5327 5860.7563 5847.069 5835.3926 5824.05 5813.1396 5802.3027 5792.555 5781.7686 5771.187 5761.683 5752.06 5741.917 5733.734 5724.7686
topDegree 1.032701015472412 6003.9893 5996.5312 5989.7812 5983.654 5978.038 5972.9194 5968.1885 5963.8457 5959.805 5956.0674 5950.8022 5945.9854 5941.5547 5937.4624 5933.677 5930.158 5926.877 5923.8296 5920.9883 5918.2817
topCen 9.304970026016235 5982.086 5978.3247 5977.3306 5976.657 5976.326 5976.044 5975.8755 5975.723 5975.618 5975.524 5975.4575 5975.3906 5975.342 5975.2925 5975.2573 5975.219 5975.189 5975.1616 5975.136 5975.1143
Random 0.0006339550018310547 6006.0503 6001.329 5994.899 5989.329 5983.421 5976.4604 5971.878 5966.4785 5961.3696 5957.361 5953.76 5950.1245 5944.669 5939.538 5934.903 5930.867 5927.842 5923.047 5918.9175 5915.2534

Data/HepTh 8638 24806
10 0
1
Random 0.0008161067962646484 5950.4326

Data/HepTh 8638 24806
10 20
5
Exact 16.327059984207153 5918.559 5893.9346 5871.1016 5848.687 5831.838 5815.523 5802.5747 5789.9507 5777.987 5767.5654 5757.295 5747.3535 5737.455 5727.738 5718.0435 5708.4365 5700.088 5691.8203 5683.939 5676.3413
Approx:0.5 146.0484538078308 5918.559 5894.4014 5871.971 5849.158 5832.8247 5815.9844 5803.041 5790.425 5778.4595 5768.0435 5757.7876 5748.0674 5738.3706 5728.471 5718.8467 5709.3105 5700.8506 5693.6133 5685.335 5677.467
topDegree 1.0246360301971436 5945.8438 5941.674 5937.8413 5934.3335 5931.0767 5928.0635 5925.2725 5922.671 5920.229 5917.965 5914.7427 5911.7656 5908.9834 5906.4033 5903.992 5901.734 5899.632 5897.6475 5895.767 5894.041
topCen 9.603463888168335 5920.8574 5917.1797 5916.203 5915.542 5915.2153 5914.9453 5914.78 5914.633 5914.5347 5914.4414 5914.373 5914.3105 5914.2607 5914.214 5914.1763 5914.138 5914.1113 5914.083 5914.06 5914.0356
Random 0.0006530284881591797 5947.4766 5943.4766 5939.227 5935.558 5932.0503 5929.211 5926.519 5921.2705 5918.8403 5916.3994 5913.4126 5910.467 5903.953 5901.423 5898.9883 5896.8765 5896.2437 5893.715 5891.5117 5889.1055

Data/HepTh 8638 24806
10 0
1
Random 0.0008120536804199219 6099.0273

Data/HepTh 8638 24806
10 20
5
Exact 16.101476907730103 6065.2056 6036.214 6009.472 5984.9185 5965.277 5946.516 5930.878 5916.2983 5902.704 5889.8906 5877.2046 5864.9424 5852.8613 5841.3584 5829.9663 5818.784 5807.795 5796.9263 5786.375 5776.3047
Approx:0.5 146.36918711662292 6066.3745 6037.383 6010.641 5986.0874 5966.4453 5948.149 5933.5435 5918.786 5906.6777 5894.916 5882.576 5869.1743 5856.742 5846.228 5834.409 5823.9204 5812.899 5801.2896 5791.174 5780.0854
topDegree 1.041154146194458 6085.704 6073.904 6063.382 6053.9346 6045.4375 6037.7217 6030.6743 6024.244 6018.3506 6012.898 6005.314 5998.4497 5992.182 5986.4336 5981.169 5976.3013 5971.8145 5967.632 5963.743 5960.1436
topCen 9.059659957885742 6067.8374 6063.967 6062.9253 6062.2344 6061.894 6061.609 6061.437 6061.2764 6061.1733 6061.0767 6061.01 6060.941 6060.889 6060.8394 6060.8 6060.764 6060.73 6060.7026 6060.6763 6060.6543
Random 0.0006330013275146484 6091.434 6078.9917 6069.1914 6062.6367 6054.173 6046.9463 6038.2705 6029.089 6023.825 6016.158 6011.5615 6005.681 5999.342 5993.8267 5990.0283 5983.6694 5978.707 5974.467 5970.2427 5966.565

Data/HepTh 8638 24806
10 0
1
Random 0.0008120536804199219 6167.817

Data/HepTh 8638 24806
10 20
5
Exact 16.38101100921631 6132.7466 6101.5806 6072.668 6046.896 6025.391 6005.5967 5988.282 5972.722 5957.6387 5943.1953 5928.988 5915.378 5902.006 5888.987 5876.224 5863.789 5851.8037 5840.0234 5828.6523 5817.5864
Approx:0.5 144.84330105781555 6132.7466 6101.5806 6072.668 6046.896 6025.391 6005.5967 5988.9316 5974.3555 5958.877 5944.973 5930.504 5916.9365 5903.8057 5889.9565 5876.915 5865.16 5852.806 5841.665 5830.8574 5820.7886
topDegree 1.0470190048217773 6149.455 6133.4106 6119.226 6106.642 6095.393 6085.276 6076.109 6067.787 6060.193 6053.2007 6043.5024 6034.745 6026.823 6019.6074 6013.0503 6006.9775 6001.426 5996.295 5991.549 5987.1274
topCen 9.450433015823364 6135.579 6131.5874 6130.507 6129.789 6129.445 6129.149 6128.973 6128.816 6128.711 6128.612 6128.537 6128.47 6128.4155 6128.368 6128.326 6128.2905 6128.2563 6128.227 6128.2026 6128.1777
Random 0.0006289482116699219 6153.749 6141.2056 6126.4775 6115.3506 6105.7393 6094.7925 6085.3403 6076.445 6068.049 6059.2383 6053.7114 6039.9146 6034.5205 6027.4126 6019.8613 6013.966 6007.5464 6001.874 5996.625 5991.725

