Data/Karate 34 78
10 20
2
Exact 0.07612299919128418 6.200062
Approx:0.5 1.5899560451507568 6.290944
Data/Windsurfers 43 336
10 20
2
Exact 0.04951310157775879 2.503297
Approx:0.5 1.6000549793243408 2.5130484
Data/Dolphins 62 159
10 20
2
Exact 0.08850288391113281 14.409729
Approx:0.5 1.6774890422821045 14.53227
Data/Lesmis 77 254
10 20
2
Exact 0.06028890609741211 20.071945
Approx:0.5 1.6205899715423584 20.1304
Data/Adjnoun 112 425
10 20
2
Exact 0.07419013977050781 23.084333
Approx:0.5 1.6428990364074707 23.323452
Data/Celegansneural 297 2148
10 20
2
Exact 0.13201689720153809 38.050304
Approx:0.5 1.7809009552001953 38.121998
Data/Chicago 823 822
10 20
2
Exact 0.47344112396240234 1617.9612
Approx:0.5 1.8400781154632568 1674.8639
Data/Hamster_full 2000 16098
10 20
2
Exact 1.1924169063568115 529.13043
Approx:0.5 4.0001280307769775 529.6522
Data/FacebookNIPS 4039 88234
10 20
2
Exact 4.173658132553101 487.85394
Approx:0.5 36.151084184646606 489.69016
Data/PowerGrid 4941 6594
10 20
2
Exact 6.285310983657837 9518.074
Approx:0.5 4.4541239738464355 9836.889
Data/GrQc 4158 13422
10 20
2
Exact 4.140734910964966 2992.474
Approx:0.5 4.94579005241394 3034.066
Data/Reactome 5973 145778
10 20
2
Exact 9.672510147094727 1433.999
Approx:0.5 93.77693605422974 1442.4733
Data/Route_views 6474 12572
10 20
2
Exact 10.28409481048584 4879.2456
Approx:0.5 5.546611070632935 4925.008
Data/HighEnergy 5835 13815
10 20
2
Exact 9.184395790100098 4883.3
Approx:0.5 5.907104969024658 4931.2573
Data/HepTh 8638 24806
10 20
2
Exact 21.741185188293457 5660.168
Approx:0.5 9.946897983551025 5694.3535
Data/PrettyGoodPrivacy 10680 24316
10 20
2
Exact 38.347655057907104 14984.61
Approx:0.5 14.138780117034912 15156.129
Data/HepPh 11204 117619
10 20
2
Exact 43.578466176986694 4452.0347
Approx:0.5 75.85870695114136 4460.085
Data/AstroPh 17903 196972
10 20
2
Exact 161.98127222061157 4515.5264
Approx:0.5 201.63920307159424 4523.1973
Data/Internet 22963 48436
10 20
2
Exact 308.9943308830261 16376.92
Approx:0.5 33.109397172927856 16472.54
Data/CAIDA 26475 53381
10 20
2
Exact 447.76620388031006 19731.602
Approx:0.5 39.30875515937805 19940.68
Data/EnronEmail 33696 180811
10 20
2
Exact 854.7651839256287 18210.83
Approx:0.5 203.32664799690247 18242.426
Data/CondensedMatter 36458 171735
10 20
2
Exact 1134.5462489128113 15298.255
Approx:0.5 184.40856003761292 15329.938
Data/Brightkite 56739 212945
10 20
2
Exact 3454.6284000873566 41192.223
Approx:0.5 300.4357180595398 41240.656
Data/Livemocha 104103 2193083
10 20
1
Approx:0.5 58527.241503953934
Data/WordNet 145145 656230
10 20
1
Approx:0.5 3883.6419649124146
Data/Gowalla 196591 950327
10 20
1
Approx:0.5 9947.73217201233
