Data/Karate 34 78
3 0
1
Optimal 0.08999896049499512 16.169647

Data/Karate 34 78
3 1
1
Optimal 0.22881388664245605 15.15737

Data/Karate 34 78
3 2
1
Optimal 0.23314189910888672 14.334924

Data/Karate 34 78
3 3
1
Optimal 0.2541790008544922 13.703674

Data/Karate 34 78
3 4
1
Optimal 0.38071393966674805 13.17259

Data/Karate 34 78
3 5
1
Optimal 1.2513048648834229 12.710536

Data/Karate 34 78
3 6
6
Optimal 6.3022260665893555 12.300527
Exact 0.06595492362976074 15.15737 14.334924 13.703673 13.17259 12.712427 12.304318
Approx:0.5 1.5922410488128662 15.15737 14.344414 13.707945 13.173268 12.710536 12.337996
topDegree 0.001931905746459961 15.321766 14.770812 14.259136 13.922387 13.683966 13.514848
topCen 0.008188009262084961 15.916454 15.800137 14.791208 14.411814 14.212854 13.82715
Random 2.1457672119140625e-6 15.159012 14.3957405 13.879824 13.320547 13.042942 12.718043

Data/Karate 34 78
3 0
1
Optimal 0.09063100814819336 19.853617

Data/Karate 34 78
3 1
1
Optimal 0.22870492935180664 17.48898

Data/Karate 34 78
3 2
1
Optimal 0.2319469451904297 16.047527

Data/Karate 34 78
3 3
1
Optimal 0.2558109760284424 15.036933

Data/Karate 34 78
3 4
1
Optimal 0.38399815559387207 14.228995

Data/Karate 34 78
3 5
1
Optimal 1.2269349098205566 13.576618

Data/Karate 34 78
3 6
6
Optimal 5.822816848754883 12.979311
Exact 0.06537604331970215 17.48898 16.047527 15.036933 14.228993 13.576618 12.979311
Approx:0.5 1.5975840091705322 17.48898 16.047527 15.046771 14.359486 13.601852 12.999207
topDegree 0.0019021034240722656 17.848488 16.747456 16.051546 15.754636 15.314669 15.019754
topCen 0.00823211669921875 17.924812 17.420044 17.187466 15.471677 14.950873 14.699102
Random 1.9073486328125e-6 18.78406 16.91014 15.597411 14.945188 14.566836 14.079083

Data/Karate 34 78
3 0
1
Optimal 0.0896148681640625 13.8641405

Data/Karate 34 78
3 1
1
Optimal 0.22720885276794434 13.333837

Data/Karate 34 78
3 2
1
Optimal 0.23409414291381836 12.833835

Data/Karate 34 78
3 3
1
Optimal 0.25600099563598633 12.427743

Data/Karate 34 78
3 4
1
Optimal 0.394305944442749 12.120354

Data/Karate 34 78
3 5
1
Optimal 1.4054570198059082 11.831152

Data/Karate 34 78
3 6
6
Optimal 6.959478855133057 11.556818
Exact 0.06620597839355469 13.333837 12.833835 12.427743 12.120354 11.831152 11.556818
Approx:0.5 1.6455950736999512 13.333837 12.833835 12.427743 12.120354 11.831152 11.564693
topDegree 0.002279996871948242 13.721292 13.594199 13.5136595 13.452687 13.386459 13.337078
topCen 0.027276039123535156 13.364139 13.197473 12.667169 12.468305 12.364139 11.958047
Random 3.0994415283203125e-6 13.769945 13.680061 13.415 13.090741 12.928139 12.725654

Data/Karate 34 78
3 0
1
Optimal 0.09574389457702637 14.791305

Data/Karate 34 78
3 1
1
Optimal 0.22644519805908203 13.839298

Data/Karate 34 78
3 2
1
Optimal 0.2369990348815918 13.130963

Data/Karate 34 78
3 3
1
Optimal 0.2641279697418213 12.718228

Data/Karate 34 78
3 4
1
Optimal 0.3926360607147217 12.406429

Data/Karate 34 78
3 5
1
Optimal 1.4056379795074463 12.116107

Data/Karate 34 78
3 6
6
Optimal 6.098759174346924 11.827735
Exact 0.06534790992736816 13.839298 13.130963 12.718228 12.406429 12.116107 11.827735
Approx:0.5 1.6049439907073975 13.839298 13.130963 12.718228 12.415427 12.116106 11.841684
topDegree 0.0036008358001708984 14.743211 14.484085 14.346075 14.247043 14.126352 14.045195
topCen 0.008087158203125 14.03157 13.804385 13.695114 12.814169 12.517695 12.368921
Random 3.0994415283203125e-6 14.408046 14.254559 13.964912 13.837521 13.174158 13.012939

Data/Karate 34 78
3 0
1
Optimal 0.09108614921569824 14.974995

Data/Karate 34 78
3 1
1
Optimal 0.22853994369506836 14.259578

Data/Karate 34 78
3 2
1
Optimal 0.2333390712738037 13.714759

Data/Karate 34 78
3 3
1
Optimal 0.25507497787475586 13.26949

Data/Karate 34 78
3 4
1
Optimal 0.4040110111236572 12.860545

Data/Karate 34 78
3 5
1
Optimal 1.4058079719543457 12.490035

Data/Karate 34 78
3 6
6
Optimal 7.248546123504639 12.150226
Exact 0.06586313247680664 14.259578 13.714759 13.26949 12.860547 12.490035 12.150226
Approx:0.5 1.6198720932006836 14.414314 13.714759 13.26949 12.860547 12.513948 12.1632185
topDegree 0.001968860626220703 14.675197 14.454043 14.283891 14.085791 13.941313 13.822748
topCen 0.008327007293701172 14.259578 14.042873 13.9381895 13.399413 13.196754 13.0904665
Random 3.0994415283203125e-6 14.758301 14.6016245 14.185993 13.980279 13.822077 13.492444

Data/Karate 34 78
3 0
1
Optimal 0.09999799728393555 16.31321

Data/Karate 34 78
3 1
1
Optimal 0.22577381134033203 15.392287

Data/Karate 34 78
3 2
1
Optimal 0.23338580131530762 14.73008

Data/Karate 34 78
3 3
1
Optimal 0.2602109909057617 14.11035

Data/Karate 34 78
3 4
1
Optimal 0.3883399963378906 13.569668

Data/Karate 34 78
3 5
1
Optimal 1.3632969856262207 13.061849

Data/Karate 34 78
3 6
6
Optimal 7.115160942077637 12.615075
Exact 0.06607604026794434 15.392287 14.73008 14.11035 13.569668 13.061849 12.615075
Approx:0.5 1.5866320133209229 15.392287 14.73008 14.1703205 13.580281 13.099506 12.618086
topDegree 0.001962900161743164 15.827299 15.389376 15.077718 14.761951 14.538588 14.320328
topCen 0.008236169815063477 15.392287 15.123214 14.994809 14.3761835 14.146832 14.027259
Random 1.9073486328125e-6 15.723248 15.276772 14.862285 14.328409 14.103125 13.377675

Data/Karate 34 78
3 0
1
Optimal 0.09023618698120117 16.370028

Data/Karate 34 78
3 1
1
Optimal 0.22778105735778809 15.392585

Data/Karate 34 78
3 2
1
Optimal 0.2329261302947998 14.60355

Data/Karate 34 78
3 3
1
Optimal 0.26580119132995605 13.9745245

Data/Karate 34 78
3 4
1
Optimal 0.3980720043182373 13.407453

Data/Karate 34 78
3 5
1
Optimal 1.3174419403076172 12.909634

Data/Karate 34 78
3 6
6
Optimal 7.096873044967651 12.446362
Exact 0.06552314758300781 15.392585 14.60355 13.9745245 13.407453 12.909634 12.446361
Approx:0.5 1.5832850933074951 15.392585 14.662641 14.04387 13.407453 12.909634 12.446361
topDegree 0.0019221305847167969 15.697491 15.235296 14.81454 14.513067 14.194943 13.970083
topCen 0.008242130279541016 15.392585 15.108346 14.972927 14.664238 14.517852 13.879177
Random 3.0994415283203125e-6 15.392585 14.724381 14.255344 13.689503 13.219307 12.756035

Data/Karate 34 78
3 0
1
Optimal 0.09019804000854492 16.49061

Data/Karate 34 78
3 1
1
Optimal 0.2280418872833252 15.287288

Data/Karate 34 78
3 2
1
Optimal 0.23233485221862793 14.435236

Data/Karate 34 78
3 3
1
Optimal 0.2551851272583008 13.861262

Data/Karate 34 78
3 4
1
Optimal 0.38999199867248535 13.335427

Data/Karate 34 78
3 5
1
Optimal 1.3797380924224854 12.896695

Data/Karate 34 78
3 6
6
Optimal 7.126698970794678 12.482203
Exact 0.0657949447631836 15.287288 14.435236 13.861262 13.335428 12.896695 12.482203
Approx:0.5 1.5882680416107178 15.287288 14.435236 13.928521 13.450962 12.9504595 12.482203
topDegree 0.0018999576568603516 16.067257 15.762577 15.29986 14.974254 14.752394 14.591435
topCen 0.008182048797607422 15.53239 15.254372 15.122007 14.064549 13.71775 13.545398
Random 4.0531158447265625e-6 15.53239 15.008828 14.551167 14.206731 14.019545 13.233275

Data/Karate 34 78
3 0
1
Optimal 0.08999514579772949 17.707342

Data/Karate 34 78
3 1
1
Optimal 0.22767996788024902 16.22997

Data/Karate 34 78
3 2
1
Optimal 0.2331409454345703 15.227196

Data/Karate 34 78
3 3
1
Optimal 0.25350403785705566 14.537705

Data/Karate 34 78
3 4
1
Optimal 0.3790249824523926 13.909381

Data/Karate 34 78
3 5
1
Optimal 1.2162671089172363 13.3830595

Data/Karate 34 78
3 6
6
Optimal 6.056149005889893 12.897727
Exact 0.06593704223632812 16.22997 15.227196 14.537705 13.909381 13.3830595 12.897727
Approx:0.5 1.5766088962554932 16.22997 15.448234 14.554945 13.909379 13.405322 12.897727
topDegree 0.0018868446350097656 16.810219 16.229095 15.912816 15.531124 15.27135 15.083123
topCen 0.008203983306884766 16.525583 16.192112 16.034788 14.801418 14.405896 14.2109375
Random 3.0994415283203125e-6 16.488422 15.615633 15.110639 14.7380705 14.334033 14.067876

Data/Karate 34 78
3 0
1
Optimal 0.08987998962402344 15.089883

Data/Karate 34 78
3 1
1
Optimal 0.22803997993469238 14.300095

Data/Karate 34 78
3 2
1
Optimal 0.23259615898132324 13.721519

Data/Karate 34 78
3 3
1
Optimal 0.25704193115234375 13.2761

Data/Karate 34 78
3 4
1
Optimal 0.40056800842285156 12.897954

Data/Karate 34 78
3 5
1
Optimal 1.3074519634246826 12.529889

Data/Karate 34 78
3 6
6
Optimal 6.569717884063721 12.192524
Exact 0.06525397300720215 14.300095 13.721519 13.2761 12.897954 12.529889 12.192524
Approx:0.5 1.58713698387146 14.300095 13.721519 13.2761 12.901871 12.554515 12.232352
topDegree 0.0018999576568603516 14.870085 14.588373 14.380755 14.2328415 14.052317 13.922724
topCen 0.01036691665649414 14.300095 14.065345 13.952672 13.383446 13.170975 13.059898
Random 2.86102294921875e-6 14.750422 14.445616 14.293876 13.928639 13.344915 12.938338

Data/Karate 34 78
5 0
1
Optimal 0.09059691429138184 12.800701

Data/Karate 34 78
5 1
1
Optimal 0.22739219665527344 12.292632

Data/Karate 34 78
5 2
1
Optimal 0.23248004913330078 11.860082

Data/Karate 34 78
5 3
1
Optimal 0.2518119812011719 11.519617

Data/Karate 34 78
5 4
1
Optimal 0.35422396659851074 11.203873

Data/Karate 34 78
5 5
1
Optimal 1.0097038745880127 10.907927

Data/Karate 34 78
5 6
6
Optimal 4.7089009284973145 10.62808
Exact 0.06577682495117188 12.292632 11.860082 11.519617 11.203873 10.907927 10.62808
Approx:0.5 1.5818941593170166 12.292632 11.860082 11.519617 11.203873 10.930734 10.636696
topDegree 0.0020399093627929688 12.619169 12.479412 12.368492 12.297766 12.1641245 12.06402
topCen 0.008514165878295898 12.292632 12.100189 11.998964 11.936523 11.894166 11.462426
Random 1.9073486328125e-6 12.563817 12.195979 11.781235 11.5989 11.44073 11.12257

Data/Karate 34 78
5 0
1
Optimal 0.08826017379760742 12.940199

Data/Karate 34 78
5 1
1
Optimal 0.23061609268188477 12.261005

Data/Karate 34 78
5 2
1
Optimal 0.231766939163208 11.732379

Data/Karate 34 78
5 3
1
Optimal 0.2513899803161621 11.406484

Data/Karate 34 78
5 4
1
Optimal 0.35402798652648926 11.090018

Data/Karate 34 78
5 5
1
Optimal 1.029116153717041 10.794837

Data/Karate 34 78
5 6
6
Optimal 4.866568088531494 10.511852
Exact 0.06532502174377441 12.261005 11.732379 11.406484 11.090018 10.794837 10.511852
Approx:0.5 1.6057360172271729 12.261005 11.732379 11.413233 11.130391 10.84259 10.536451
topDegree 0.0020711421966552734 12.827175 12.736462 12.598061 12.489769 12.402728 12.329596
topCen 0.008502960205078125 12.261005 12.05415 11.954032 11.894979 11.856028 11.333623
Random 4.0531158447265625e-6 12.593074 12.314445 12.180492 11.999846 11.721171 11.450474

Data/Karate 34 78
5 0
1
Optimal 0.09022402763366699 13.498915

Data/Karate 34 78
5 1
1
Optimal 0.22755098342895508 12.574205

Data/Karate 34 78
5 2
1
Optimal 0.23285603523254395 11.881282

Data/Karate 34 78
5 3
1
Optimal 0.24958491325378418 11.4830265

Data/Karate 34 78
5 4
1
Optimal 0.35231709480285645 11.188715

Data/Karate 34 78
5 5
1
Optimal 1.0234930515289307 10.91109

Data/Karate 34 78
5 6
6
Optimal 4.743268013000488 10.6483345
Exact 0.06591796875 12.574205 11.881282 11.4830265 11.188715 10.91109 10.6483345
Approx:0.5 1.580937147140503 12.574205 11.881282 11.525317 11.201901 10.917179 10.654107
topDegree 0.0020248889923095703 13.267432 13.093474 12.957963 12.8494215 12.81337 12.784371
topCen 0.008450984954833984 12.759806 12.537897 12.431023 12.368144 12.3267355 11.471163
Random 3.0994415283203125e-6 13.137248 12.906702 12.329588 12.185414 12.106563 12.070735

Data/Karate 34 78
5 0
1
Optimal 0.09041118621826172 13.227956

Data/Karate 34 78
5 1
1
Optimal 0.23159408569335938 12.678107

Data/Karate 34 78
5 2
1
Optimal 0.2313699722290039 12.219095

Data/Karate 34 78
5 3
1
Optimal 0.25058913230895996 11.799171

Data/Karate 34 78
5 4
1
Optimal 0.3541839122772217 11.410981

Data/Karate 34 78
5 5
1
Optimal 1.0279490947723389 11.041715

Data/Karate 34 78
5 6
6
Optimal 4.745697021484375 10.701651
Exact 0.06588292121887207 12.678107 12.219095 11.799171 11.410981 11.041715 10.701652
Approx:0.5 1.5846960544586182 12.753799 12.3344555 11.952994 11.499392 11.067919 10.74009
topDegree 0.0020728111267089844 12.908972 12.675527 12.497284 12.35673 12.231537 12.132359
topCen 0.00855112075805664 12.765905 12.5861225 12.490471 12.431095 12.390649 11.846107
Random 3.0994415283203125e-6 12.921089 12.737282 12.395383 11.975458 11.8382015 11.3969755

Data/Karate 34 78
5 0
1
Optimal 0.09062910079956055 13.962838

Data/Karate 34 78
5 1
1
Optimal 0.23026609420776367 12.908718

Data/Karate 34 78
5 2
1
Optimal 0.2361440658569336 12.144079

Data/Karate 34 78
5 3
1
Optimal 0.2533228397369385 11.679665

Data/Karate 34 78
5 4
1
Optimal 0.351254940032959 11.323229

Data/Karate 34 78
5 5
1
Optimal 1.007277011871338 10.980533

Data/Karate 34 78
5 6
6
Optimal 4.8055360317230225 10.659915
Exact 0.06560087203979492 12.908718 12.144079 11.679665 11.323229 10.980533 10.659915
Approx:0.5 1.5790939331054688 12.908718 12.144079 11.729921 11.36086 11.006503 10.679453
topDegree 0.002023935317993164 13.848856 13.486875 13.226458 13.03012 12.876798 12.785508
topCen 0.00849604606628418 13.125393 12.878628 12.760535 12.691288 12.645774 11.7000885
Random 4.0531158447265625e-6 13.759624 13.489508 13.083415 12.706446 12.359465 12.017462

Data/Karate 34 78
5 0
1
Optimal 0.0910041332244873 12.482747

Data/Karate 34 78
5 1
1
Optimal 0.2277979850769043 11.982747

Data/Karate 34 78
5 2
1
Optimal 0.23359012603759766 11.555811

Data/Karate 34 78
5 3
1
Optimal 0.2513148784637451 11.213354

Data/Karate 34 78
5 4
1
Optimal 0.3582799434661865 10.934968

Data/Karate 34 78
5 5
1
Optimal 1.0171539783477783 10.669535

Data/Karate 34 78
5 6
6
Optimal 4.847777843475342 10.414929
Exact 0.06577515602111816 11.982747 11.555811 11.213354 10.934968 10.669535 10.414929
Approx:0.5 1.5796499252319336 11.982747 11.555811 11.213354 10.934968 10.669535 10.414929
topDegree 0.002006053924560547 12.387221 12.310366 12.247201 12.1684475 12.10715 12.058081
topCen 0.008462905883789062 11.982747 11.816081 11.732747 11.682747 11.255811 11.088198
Random 3.0994415283203125e-6 12.155512 12.046933 11.774858 11.514657 11.311699 11.061473

Data/Karate 34 78
5 0
1
Optimal 0.09026002883911133 13.590267

Data/Karate 34 78
5 1
1
Optimal 0.2283949851989746 12.708631

Data/Karate 34 78
5 2
1
Optimal 0.23432683944702148 12.038044

Data/Karate 34 78
5 3
1
Optimal 0.2514989376068115 11.6607895

Data/Karate 34 78
5 4
1
Optimal 0.3517470359802246 11.3738365

Data/Karate 34 78
5 5
1
Optimal 1.008263111114502 11.107059

Data/Karate 34 78
5 6
6
Optimal 4.647942066192627 10.851847
Exact 0.06560993194580078 12.708631 12.038044 11.6607895 11.3738365 11.107059 10.851847
Approx:0.5 1.5845649242401123 12.708631 12.038044 11.6607895 11.3738365 11.1182575 10.86219
topDegree 0.0019960403442382812 13.398601 13.251615 13.135319 13.1042385 13.0407 12.992473
topCen 0.008413076400756836 12.881721 12.667267 12.563699 12.502682 12.46246 11.637799
Random 2.86102294921875e-6 13.3317375 12.765911 12.477339 12.289709 12.188208 11.914653

Data/Karate 34 78
5 0
1
Optimal 0.09011101722717285 13.11068

Data/Karate 34 78
5 1
1
Optimal 0.22753095626831055 12.580377

Data/Karate 34 78
5 2
1
Optimal 0.23670411109924316 12.080377

Data/Karate 34 78
5 3
1
Optimal 0.2505838871002197 11.694657

Data/Karate 34 78
5 4
1
Optimal 0.3540349006652832 11.393068

Data/Karate 34 78
5 5
1
Optimal 1.032670021057129 11.109032

Data/Karate 34 78
5 6
6
Optimal 4.7503321170806885 10.839327
Exact 0.06600308418273926 12.580377 12.080377 11.694657 11.393068 11.109032 10.839327
Approx:0.5 1.574774980545044 12.61068 12.080377 11.694657 11.393068 11.109033 10.839327
topDegree 0.001992940902709961 12.98587 12.887889 12.808919 12.743919 12.649864 12.577982
topCen 0.008342981338500977 12.61068 12.444014 12.36068 12.310679 11.7803755 11.581512
Random 3.0994415283203125e-6 12.916794 12.750128 12.50644 12.206222 12.107861 11.976

Data/Karate 34 78
5 0
1
Optimal 0.09027910232543945 13.458807

Data/Karate 34 78
5 1
1
Optimal 0.2291860580444336 12.587256

Data/Karate 34 78
5 2
1
Optimal 0.23144793510437012 11.921229

Data/Karate 34 78
5 3
1
Optimal 0.2521040439605713 11.548233

Data/Karate 34 78
5 4
1
Optimal 0.35920286178588867 11.247875

Data/Karate 34 78
5 5
1
Optimal 0.9969191551208496 10.962397

Data/Karate 34 78
5 6
6
Optimal 4.7629899978637695 10.698088
Exact 0.06582403182983398 12.587256 11.921229 11.548233 11.247875 10.962397 10.698088
Approx:0.5 1.585054874420166 12.587256 11.921229 11.548233 11.247875 10.962397 10.712997
topDegree 0.0020749568939208984 13.386082 13.204495 13.064236 12.952637 12.890754 12.841719
topCen 0.00850987434387207 12.756788 12.543796 12.440847 12.380168 12.340159 11.522693
Random 3.0994415283203125e-6 13.264328 12.713123 12.647746 12.404426 11.92576 11.690448

Data/Karate 34 78
5 0
1
Optimal 0.0914909839630127 13.555039

Data/Karate 34 78
5 1
1
Optimal 0.22941899299621582 12.703866

Data/Karate 34 78
5 2
1
Optimal 0.23257017135620117 12.0475445

Data/Karate 34 78
5 3
1
Optimal 0.252791166305542 11.65189

Data/Karate 34 78
5 4
1
Optimal 0.35421085357666016 11.290277

Data/Karate 34 78
5 5
1
Optimal 1.0326969623565674 10.986525

Data/Karate 34 78
5 6
6
Optimal 4.840021848678589 10.700305
Exact 0.0657491683959961 12.703866 12.0475445 11.65189 11.290277 10.986525 10.700305
Approx:0.5 1.576875925064087 12.703866 12.0475445 11.683746 11.290277 10.986525 10.700305
topDegree 0.0020720958709716797 13.406761 13.290855 13.19776 13.041874 12.91963 12.819712
topCen 0.008484840393066406 12.866486 12.65661 12.555005 12.495067 12.455527 11.652884
Random 4.0531158447265625e-6 13.4454155 13.26614 12.98849 12.875348 12.782917 12.681644

Data/Windsurfers 43 336
3 0
1
Optimal 0.08969593048095703 4.0854177

Data/Windsurfers 43 336
3 1
1
Optimal 0.2297499179840088 4.0337434

Data/Windsurfers 43 336
3 2
1
Optimal 0.23653316497802734 3.9853327

Data/Windsurfers 43 336
3 3
1
Optimal 0.2726290225982666 3.9397836

Data/Windsurfers 43 336
3 4
1
Optimal 0.5675549507141113 3.897016

Data/Windsurfers 43 336
3 5
1
Optimal 2.8930740356445312 3.8625002

Data/Windsurfers 43 336
3 6
6
Optimal 18.430453062057495 3.828752
Exact 0.06609892845153809 4.0337434 3.9853327 3.9397836 3.897016 3.8625002 3.828752
Approx:0.5 1.6332011222839355 4.035667 3.9853327 3.9397836 3.9045398 3.8625002 3.8294613
topDegree 0.0018470287322998047 4.0629673 4.0416584 4.022327 4.0026064 3.9860377 3.9702437
topCen 0.008252859115600586 4.0337434 3.9967608 3.9689846 3.9343734 3.9084444 3.8622777
Random 3.814697265625e-6 4.0581183 4.0278163 4.005382 3.9867818 3.9606009 3.9316561

Data/Windsurfers 43 336
3 0
1
Optimal 0.09114503860473633 4.1141667

Data/Windsurfers 43 336
3 1
1
Optimal 0.2321920394897461 4.0621314

Data/Windsurfers 43 336
3 2
1
Optimal 0.23430299758911133 4.0132666

Data/Windsurfers 43 336
3 3
1
Optimal 0.27313804626464844 3.9676707

Data/Windsurfers 43 336
3 4
1
Optimal 0.5935730934143066 3.9249954

Data/Windsurfers 43 336
3 5
1
Optimal 3.042034149169922 3.8870173

Data/Windsurfers 43 336
3 6
6
Optimal 18.939921140670776 3.852551
Exact 0.06574583053588867 4.0621314 4.0132666 3.9676707 3.9249954 3.8870173 3.852551
Approx:0.5 1.6238389015197754 4.0639396 4.0132666 3.9676707 3.929298 3.8870173 3.8541462
topDegree 0.0018701553344726562 4.0914855 4.0701094 4.0493083 4.031278 4.0129046 3.9955935
topCen 0.008224964141845703 4.0621314 4.0248938 3.9969285 3.958214 3.9294057 3.883302
Random 1.9073486328125e-6 4.0880165 4.055411 4.0347257 4.010153 3.9798083 3.9589665

Data/Windsurfers 43 336
3 0
1
Optimal 0.09144282341003418 3.8927948

Data/Windsurfers 43 336
3 1
1
Optimal 0.23140907287597656 3.8581052

Data/Windsurfers 43 336
3 2
1
Optimal 0.23341584205627441 3.8243375

Data/Windsurfers 43 336
3 3
1
Optimal 0.2613699436187744 3.7921927

Data/Windsurfers 43 336
3 4
1
Optimal 0.45033788681030273 3.762683

Data/Windsurfers 43 336
3 5
1
Optimal 1.7512388229370117 3.7338064

Data/Windsurfers 43 336
3 6
6
Optimal 9.172647953033447 3.7055614
Exact 0.06553196907043457 3.8581052 3.8243375 3.7921927 3.762683 3.7338064 3.7055614
Approx:0.5 1.622464895248413 3.8603706 3.8264437 3.7921927 3.7671478 3.7377894 3.7090771
topDegree 0.0018830299377441406 3.8816097 3.869763 3.859085 3.8488917 3.8384027 3.8282466
topCen 0.0081329345703125 3.8581052 3.8327508 3.8005307 3.7763848 3.7459826 3.7230997
Random 3.0994415283203125e-6 3.8791559 3.8470962 3.831701 3.8024368 3.780332 3.753669

Data/Windsurfers 43 336
3 0
1
Optimal 0.09024882316589355 3.9260576

Data/Windsurfers 43 336
3 1
1
Optimal 0.22903013229370117 3.8885748

Data/Windsurfers 43 336
3 2
1
Optimal 0.2383420467376709 3.8527787

Data/Windsurfers 43 336
3 3
1
Optimal 0.2738311290740967 3.8197796

Data/Windsurfers 43 336
3 4
1
Optimal 0.5725109577178955 3.7875724

Data/Windsurfers 43 336
3 5
1
Optimal 2.9041531085968018 3.7564692

Data/Windsurfers 43 336
3 6
6
Optimal 17.7415668964386 3.725711
Exact 0.0656888484954834 3.8885748 3.8527787 3.8197796 3.7875724 3.7564692 3.725711
Approx:0.5 1.6283838748931885 3.8937435 3.8579166 3.8212023 3.7891335 3.7564692 3.7300413
topDegree 0.0018091201782226562 3.9113781 3.8981304 3.885233 3.873069 3.860549 3.8480823
topCen 0.008112907409667969 3.8885748 3.8612754 3.8280995 3.8032222 3.771116 3.7469957
Random 2.1457672119140625e-6 3.9094179 3.8777585 3.86149 3.8383214 3.8119793 3.7995224

Data/Windsurfers 43 336
3 0
1
Optimal 0.09017300605773926 3.9176552

Data/Windsurfers 43 336
3 1
1
Optimal 0.23085808753967285 3.875748

Data/Windsurfers 43 336
3 2
1
Optimal 0.23364710807800293 3.8407989

Data/Windsurfers 43 336
3 3
1
Optimal 0.2726728916168213 3.8075376

Data/Windsurfers 43 336
3 4
1
Optimal 0.5543301105499268 3.7770145

Data/Windsurfers 43 336
3 5
1
Optimal 2.664921998977661 3.7479203

Data/Windsurfers 43 336
3 6
6
Optimal 15.685837984085083 3.7192883
Exact 0.06543397903442383 3.875748 3.8407989 3.8075376 3.7770145 3.7479203 3.7192883
Approx:0.5 1.6265990734100342 3.875748 3.842171 3.8114877 3.7770145 3.7481852 3.721702
topDegree 0.0018160343170166016 3.9055119 3.8919933 3.880323 3.8653846 3.852115 3.8406029
topCen 0.008188962936401367 3.8824725 3.8567631 3.8152554 3.784641 3.7611296 3.7339222
Random 2.1457672119140625e-6 3.8837752 3.8670008 3.8471434 3.8360555 3.8221078 3.8097444

Data/Windsurfers 43 336
3 0
1
Optimal 0.09027981758117676 4.255407

Data/Windsurfers 43 336
3 1
1
Optimal 0.23145604133605957 4.1931176

Data/Windsurfers 43 336
3 2
1
Optimal 0.23389101028442383 4.1352706

Data/Windsurfers 43 336
3 3
1
Optimal 0.2651371955871582 4.082555

Data/Windsurfers 43 336
3 4
1
Optimal 0.47093701362609863 4.031668

Data/Windsurfers 43 336
3 5
1
Optimal 1.953725814819336 3.9848602

Data/Windsurfers 43 336
3 6
6
Optimal 10.77700400352478 3.9439511
Exact 0.06556987762451172 4.1931176 4.1352706 4.082555 4.031668 3.9848602 3.9439511
Approx:0.5 1.6522789001464844 4.1931176 4.1352706 4.082555 4.031668 3.9933195 3.947452
topDegree 0.0018458366394042969 4.2226954 4.193585 4.167512 4.1406446 4.116729 4.091932
topCen 0.008234977722167969 4.1931176 4.148941 4.1159806 4.087183 4.032231 3.992034
Random 2.1457672119140625e-6 4.208586 4.177847 4.14453 4.124527 4.096821 4.04403

Data/Windsurfers 43 336
3 0
1
Optimal 0.0880429744720459 4.07336

Data/Windsurfers 43 336
3 1
1
Optimal 0.23053407669067383 4.022851

Data/Windsurfers 43 336
3 2
1
Optimal 0.23499107360839844 3.9778407

Data/Windsurfers 43 336
3 3
1
Optimal 0.27317380905151367 3.9346993

Data/Windsurfers 43 336
3 4
1
Optimal 0.6118068695068359 3.8931246

Data/Windsurfers 43 336
3 5
1
Optimal 3.3188560009002686 3.852588

Data/Windsurfers 43 336
3 6
6
Optimal 21.892924070358276 3.8128169
Exact 0.06533694267272949 4.022851 3.9778407 3.9346993 3.8931246 3.852588 3.8128169
Approx:0.5 1.622558832168579 4.0271897 3.9829733 3.940433 3.899416 3.852588 3.8189445
topDegree 0.0018658638000488281 4.0525494 4.0327272 4.014939 3.994986 3.9772289 3.9613025
topCen 0.008363962173461914 4.022851 3.9866683 3.959473 3.9181232 3.887532 3.8639839
Random 1.9073486328125e-6 4.0271897 3.9851289 3.936323 3.9149432 3.8928974 3.8603432

Data/Windsurfers 43 336
3 0
1
Optimal 0.09192490577697754 4.0625944

Data/Windsurfers 43 336
3 1
1
Optimal 0.23171401023864746 4.0112553

Data/Windsurfers 43 336
3 2
1
Optimal 0.2342088222503662 3.9654217

Data/Windsurfers 43 336
3 3
1
Optimal 0.2771778106689453 3.9216366

Data/Windsurfers 43 336
3 4
1
Optimal 0.6464278697967529 3.8794363

Data/Windsurfers 43 336
3 5
1
Optimal 3.7151520252227783 3.8386276

Data/Windsurfers 43 336
3 6
6
Optimal 24.938753843307495 3.804852
Exact 0.06579303741455078 4.0112553 3.9654217 3.9216366 3.8794363 3.8386276 3.804852
Approx:0.5 1.6384379863739014 4.0155363 3.9654217 3.9216366 3.8800588 3.8386276 3.8062713
topDegree 0.001828908920288086 4.0414534 4.0210204 4.0016184 3.9812894 3.9645574 3.9470646
topCen 0.008211851119995117 4.0112553 3.974509 3.9469087 3.9135792 3.8885303 3.8447664
Random 3.0994415283203125e-6 4.0353436 4.011762 3.9917476 3.949835 3.9180624 3.9009287

Data/Windsurfers 43 336
3 0
1
Optimal 0.09036612510681152 4.426939

Data/Windsurfers 43 336
3 1
1
Optimal 0.23238015174865723 4.3555737

Data/Windsurfers 43 336
3 2
1
Optimal 0.23433709144592285 4.2900276

Data/Windsurfers 43 336
3 3
1
Optimal 0.2788820266723633 4.2269096

Data/Windsurfers 43 336
3 4
1
Optimal 0.6749460697174072 4.168039

Data/Windsurfers 43 336
3 5
1
Optimal 4.004626989364624 4.114683

Data/Windsurfers 43 336
3 6
6
Optimal 28.497985124588013 4.0645595
Exact 0.06564784049987793 4.3555737 4.2900276 4.2269096 4.168039 4.114683 4.0645595
Approx:0.5 1.6315128803253174 4.3558617 4.290277 4.229108 4.168039 4.114683 4.064992
topDegree 0.001905202865600586 4.384102 4.344129 4.3034186 4.26771 4.231503 4.1996403
topCen 0.00831913948059082 4.3697314 4.3276095 4.259149 4.2093983 4.17161 4.1148133
Random 4.0531158447265625e-6 4.372891 4.3255124 4.273708 4.208056 4.154316 4.1137033

Data/Windsurfers 43 336
3 0
1
Optimal 0.09020209312438965 3.9441268

Data/Windsurfers 43 336
3 1
1
Optimal 0.2325439453125 3.9047313

Data/Windsurfers 43 336
3 2
1
Optimal 0.23494505882263184 3.867187

Data/Windsurfers 43 336
3 3
1
Optimal 0.2626841068267822 3.8339453

Data/Windsurfers 43 336
3 4
1
Optimal 0.4605557918548584 3.8019407

Data/Windsurfers 43 336
3 5
1
Optimal 1.8722281455993652 3.771188

Data/Windsurfers 43 336
3 6
6
Optimal 10.390486001968384 3.7408855
Exact 0.06572604179382324 3.9047313 3.867187 3.8339453 3.8019407 3.771188 3.7408855
Approx:0.5 1.6259539127349854 3.9060478 3.867187 3.834832 3.8019407 3.771188 3.7464528
topDegree 0.001806020736694336 3.9299922 3.9148307 3.9012322 3.8888245 3.8747525 3.8621492
topCen 0.008166074752807617 3.9060478 3.878334 3.8471868 3.8237758 3.7856433 3.757307
Random 1.9073486328125e-6 3.922507 3.9040272 3.890805 3.873418 3.8369281 3.8170648

Data/Windsurfers 43 336
5 0
1
Optimal 0.09022092819213867 3.5716867

Data/Windsurfers 43 336
5 1
1
Optimal 0.23161602020263672 3.5371501

Data/Windsurfers 43 336
5 2
1
Optimal 0.23618793487548828 3.507327

Data/Windsurfers 43 336
5 3
1
Optimal 0.2718381881713867 3.4802701

Data/Windsurfers 43 336
5 4
1
Optimal 0.5869629383087158 3.4539452

Data/Windsurfers 43 336
5 5
1
Optimal 3.1012299060821533 3.427884

Data/Windsurfers 43 336
5 6
6
Optimal 20.511831045150757 3.4020193
Exact 0.06602716445922852 3.5371501 3.507327 3.4802701 3.4539452 3.427884 3.4020193
Approx:0.5 1.6197562217712402 3.5451424 3.510798 3.483751 3.454118 3.427884 3.4020193
topDegree 0.0019538402557373047 3.5648937 3.5580144 3.5507073 3.5440667 3.538046 3.5320148
topCen 0.008458137512207031 3.5371501 3.5119925 3.492851 3.4777975 3.4656482 3.4386513
Random 2.86102294921875e-6 3.5451894 3.5291913 3.519063 3.5032942 3.4763887 3.455943

Data/Windsurfers 43 336
5 0
1
Optimal 0.0905611515045166 3.5433812

Data/Windsurfers 43 336
5 1
1
Optimal 0.2315080165863037 3.50736

Data/Windsurfers 43 336
5 2
1
Optimal 0.23652100563049316 3.4767056

Data/Windsurfers 43 336
5 3
1
Optimal 0.27399396896362305 3.4470081

Data/Windsurfers 43 336
5 4
1
Optimal 0.589134931564331 3.4196591

Data/Windsurfers 43 336
5 5
1
Optimal 3.2390811443328857 3.393362

Data/Windsurfers 43 336
5 6
6
Optimal 21.57772397994995 3.3678994
Exact 0.06566095352172852 3.50736 3.4767056 3.4470081 3.4196591 3.393362 3.3678994
Approx:0.5 1.6210429668426514 3.50736 3.4789279 3.4492028 3.4248939 3.3955379 3.3705552
topDegree 0.002003908157348633 3.5357022 3.5277371 3.5204694 3.513039 3.5062869 3.4986444
topCen 0.008523941040039062 3.50736 3.481179 3.4612916 3.44567 3.4330764 3.4079306
Random 2.86102294921875e-6 3.529911 3.505291 3.4922128 3.4618392 3.4507635 3.444277

Data/Windsurfers 43 336
5 0
1
Optimal 0.09145116806030273 3.6014333

Data/Windsurfers 43 336
5 1
1
Optimal 0.2303638458251953 3.5635817

Data/Windsurfers 43 336
5 2
1
Optimal 0.2362840175628662 3.5273995

Data/Windsurfers 43 336
5 3
1
Optimal 0.27480220794677734 3.493999

Data/Windsurfers 43 336
5 4
1
Optimal 0.6000111103057861 3.4628065

Data/Windsurfers 43 336
5 5
1
Optimal 3.354994058609009 3.4327822

Data/Windsurfers 43 336
5 6
6
Optimal 23.11673092842102 3.4034824
Exact 0.06580209732055664 3.5635817 3.5273995 3.493999 3.4628065 3.4327822 3.4034824
Approx:0.5 1.6203560829162598 3.564649 3.5273995 3.4960208 3.4658332 3.4327822 3.4057484
topDegree 0.0021009445190429688 3.588551 3.5750902 3.5629013 3.5493665 3.535804 3.523601
topCen 0.008613824844360352 3.5673864 3.54187 3.522035 3.5061746 3.4747472 3.4510763
Random 4.0531158447265625e-6 3.5842588 3.5524123 3.5376549 3.518482 3.5022957 3.4872956

Data/Windsurfers 43 336
5 0
1
Optimal 0.09090614318847656 3.589508

Data/Windsurfers 43 336
5 1
1
Optimal 0.23269200325012207 3.5512123

Data/Windsurfers 43 336
5 2
1
Optimal 0.24939894676208496 3.5198846

Data/Windsurfers 43 336
5 3
1
Optimal 0.2708759307861328 3.491639

Data/Windsurfers 43 336
5 4
1
Optimal 0.5521719455718994 3.4650476

Data/Windsurfers 43 336
5 5
1
Optimal 2.8412678241729736 3.4389126

Data/Windsurfers 43 336
5 6
6
Optimal 18.339632034301758 3.412898
Exact 0.0657191276550293 3.5512123 3.5198846 3.491639 3.4650476 3.4389126 3.412898
Approx:0.5 1.61985182762146 3.5512123 3.5228806 3.491639 3.465367 3.4392006 3.412898
topDegree 0.0019860267639160156 3.58204 3.5710328 3.561103 3.5521014 3.5448785 3.5354233
topCen 0.008502006530761719 3.5580611 3.5349712 3.5172977 3.5033343 3.4653573 3.437253
Random 3.0994415283203125e-6 3.5512123 3.5198846 3.5072746 3.4963028 3.4697917 3.4477696

Data/Windsurfers 43 336
5 0
1
Optimal 0.09120512008666992 3.4958699

Data/Windsurfers 43 336
5 1
1
Optimal 0.23291587829589844 3.4558434

Data/Windsurfers 43 336
5 2
1
Optimal 0.23550105094909668 3.4225698

Data/Windsurfers 43 336
5 3
1
Optimal 0.27619004249572754 3.3928554

Data/Windsurfers 43 336
5 4
1
Optimal 0.6041669845581055 3.364506

Data/Windsurfers 43 336
5 5
1
Optimal 3.354480028152466 3.3381777

Data/Windsurfers 43 336
5 6
6
Optimal 23.357059955596924 3.3125842
Exact 0.06581497192382812 3.4558434 3.4225698 3.3928554 3.364506 3.3381777 3.3125842
Approx:0.5 1.6279840469360352 3.4558434 3.4225698 3.3928554 3.3663294 3.34056 3.3125842
topDegree 0.0020279884338378906 3.484516 3.474158 3.4646697 3.4544551 3.4451714 3.436355
topCen 0.008548974990844727 3.4558434 3.4268992 3.4049942 3.3878381 3.3740387 3.3483036
Random 3.0994415283203125e-6 3.468518 3.4425 3.4293478 3.4188967 3.3870192 3.3694553

Data/Windsurfers 43 336
5 0
1
Optimal 0.09073305130004883 3.5802734

Data/Windsurfers 43 336
5 1
1
Optimal 0.23067522048950195 3.5474358

Data/Windsurfers 43 336
5 2
1
Optimal 0.23672890663146973 3.517016

Data/Windsurfers 43 336
5 3
1
Optimal 0.2759590148925781 3.4873135

Data/Windsurfers 43 336
5 4
1
Optimal 0.5875179767608643 3.4588666

Data/Windsurfers 43 336
5 5
1
Optimal 3.189357042312622 3.4320307

Data/Windsurfers 43 336
5 6
6
Optimal 21.103528022766113 3.4061487
Exact 0.0672760009765625 3.5474358 3.517016 3.4873135 3.4588666 3.4320307 3.4061487
Approx:0.5 1.6161201000213623 3.5474358 3.5204568 3.4902277 3.460676 3.4370725 3.414946
topDegree 0.001990079879760742 3.5727818 3.5648544 3.5576205 3.550541 3.5437593 3.53673
topCen 0.00853586196899414 3.5474358 3.5233943 3.5050328 3.4905522 3.4620001 3.440501
Random 1.9073486328125e-6 3.5701141 3.5621285 3.5383756 3.5258179 3.5123289 3.488107

Data/Windsurfers 43 336
5 0
1
Optimal 0.09125900268554688 3.606001

Data/Windsurfers 43 336
5 1
1
Optimal 0.23290109634399414 3.5669453

Data/Windsurfers 43 336
5 2
1
Optimal 0.23418593406677246 3.5332456

Data/Windsurfers 43 336
5 3
1
Optimal 0.26769399642944336 3.5005653

Data/Windsurfers 43 336
5 4
1
Optimal 0.536142110824585 3.468785

Data/Windsurfers 43 336
5 5
1
Optimal 2.6388609409332275 3.4404192

Data/Windsurfers 43 336
5 6
6
Optimal 16.159394025802612 3.4132013
Exact 0.0660400390625 3.5669453 3.5332456 3.5005653 3.468785 3.4404192 3.4132013
Approx:0.5 1.6311018466949463 3.5669453 3.5332456 3.5011067 3.468785 3.4404192 3.4132013
topDegree 0.002048015594482422 3.5964248 3.5863945 3.5772693 3.5661626 3.5561316 3.544872
topCen 0.008620977401733398 3.5721426 3.5473714 3.5284615 3.5135527 3.4749186 3.4463315
Random 3.0994415283203125e-6 3.581706 3.5693388 3.5427976 3.5151405 3.4950297 3.483835

Data/Windsurfers 43 336
5 0
1
Optimal 0.0901789665222168 3.5832393

Data/Windsurfers 43 336
5 1
1
Optimal 0.23059916496276855 3.549107

Data/Windsurfers 43 336
5 2
1
Optimal 0.236738920211792 3.5190048

Data/Windsurfers 43 336
5 3
1
Optimal 0.27051281929016113 3.490241

Data/Windsurfers 43 336
5 4
1
Optimal 0.5776219367980957 3.463376

Data/Windsurfers 43 336
5 5
1
Optimal 2.914095163345337 3.4369924

Data/Windsurfers 43 336
5 6
6
Optimal 18.748761892318726 3.4118602
Exact 0.06550097465515137 3.549107 3.5190048 3.490241 3.463376 3.4369924 3.4118602
Approx:0.5 1.6310679912567139 3.549107 3.5202112 3.4948592 3.4649801 3.4385414 3.4118602
topDegree 0.0019750595092773438 3.576091 3.5681758 3.5609872 3.5535634 3.546814 3.539966
topCen 0.00848698616027832 3.554284 3.5328853 3.516426 3.4824288 3.4571307 3.4375718
Random 2.86102294921875e-6 3.5563445 3.547404 3.5174906 3.510428 3.501307 3.4900649

Data/Windsurfers 43 336
5 0
1
Optimal 0.09120798110961914 3.5313137

Data/Windsurfers 43 336
5 1
1
Optimal 0.24138498306274414 3.5007627

Data/Windsurfers 43 336
5 2
1
Optimal 0.23755502700805664 3.4705293

Data/Windsurfers 43 336
5 3
1
Optimal 0.2742321491241455 3.4424648

Data/Windsurfers 43 336
5 4
1
Optimal 0.5999891757965088 3.4150941

Data/Windsurfers 43 336
5 5
1
Optimal 3.2677838802337646 3.3880544

Data/Windsurfers 43 336
5 6
6
Optimal 22.170925855636597 3.3651671
Exact 0.06610488891601562 3.5007627 3.4705293 3.4424648 3.4150941 3.3880544 3.3651671
Approx:0.5 1.617372989654541 3.5034742 3.4730175 3.4449494 3.4177623 3.3880544 3.3674538
topDegree 0.0020499229431152344 3.522906 3.515192 3.5072656 3.4980881 3.4894378 3.4815965
topCen 0.008537054061889648 3.5007627 3.477812 3.4599385 3.4456253 3.4175377 3.3963158
Random 4.0531158447265625e-6 3.519232 3.4890082 3.471668 3.442051 3.4318774 3.4201026

Data/Windsurfers 43 336
5 0
1
Optimal 0.09078502655029297 3.5701883

Data/Windsurfers 43 336
5 1
1
Optimal 0.23091411590576172 3.5369632

Data/Windsurfers 43 336
5 2
1
Optimal 0.23424601554870605 3.505468

Data/Windsurfers 43 336
5 3
1
Optimal 0.2745780944824219 3.478682

Data/Windsurfers 43 336
5 4
1
Optimal 0.613379955291748 3.4524562

Data/Windsurfers 43 336
5 5
1
Optimal 3.295930862426758 3.426557

Data/Windsurfers 43 336
5 6
6
Optimal 21.72905397415161 3.4020636
Exact 0.06635499000549316 3.5369632 3.505468 3.478682 3.4524562 3.426557 3.4020636
Approx:0.5 1.6235029697418213 3.5369632 3.505468 3.4787834 3.452569 3.426557 3.4030955
topDegree 0.0020208358764648438 3.5636027 3.5565252 3.550056 3.543718 3.5358267 3.528668
topCen 0.008477926254272461 3.538609 3.515439 3.4977129 3.4837153 3.450714 3.4261222
Random 2.86102294921875e-6 3.5522625 3.5375888 3.5276327 3.5084758 3.4985383 3.4900157

Data/Dolphins 62 159
3 0
1
Optimal 0.09192490577697754 32.253277

Data/Dolphins 62 159
3 1
1
Optimal 0.2326030731201172 30.090467

Data/Dolphins 62 159
3 2
1
Optimal 0.2488560676574707 28.758747

Data/Dolphins 62 159
3 3
1
Optimal 0.4303579330444336 27.666718

Data/Dolphins 62 159
3 4
1
Optimal 3.2075798511505127 26.721678

Data/Dolphins 62 159
3 5
1
Optimal 38.44863796234131 25.890017

Data/Dolphins 62 159
3 6
6
Optimal 412.99732780456543 25.107344
Exact 0.0662529468536377 30.090467 28.758747 27.666718 26.721678 25.890017 25.107344
Approx:0.5 1.6600711345672607 30.090467 28.758747 27.791859 26.80763 26.058401 25.187872
topDegree 0.0021800994873046875 32.032707 31.866077 31.654345 31.53987 31.391914 31.277004
topCen 0.009011030197143555 30.090467 29.645412 29.453356 28.17765 27.840096 27.684036
Random 4.0531158447265625e-6 32.035725 31.826927 31.366682 31.125154 30.948187 30.802006

Data/Dolphins 62 159
3 0
1
Optimal 0.09193611145019531 34.71005

Data/Dolphins 62 159
3 1
1
Optimal 0.23370599746704102 32.000896

Data/Dolphins 62 159
3 2
1
Optimal 0.24779605865478516 30.291103

Data/Dolphins 62 159
3 3
1
Optimal 0.42815709114074707 28.856918

Data/Dolphins 62 159
3 4
1
Optimal 3.2007970809936523 27.68363

Data/Dolphins 62 159
3 5
1
Optimal 37.917937994003296 26.746359

Data/Dolphins 62 159
3 6
6
Optimal 415.36402702331543 25.833025
Exact 0.06635189056396484 32.000896 30.291103 28.856918 27.68363 26.746359 25.833025
Approx:0.5 1.6546239852905273 32.000896 30.291103 28.856918 27.68363 26.746359 25.833025
topDegree 0.002184152603149414 34.44456 34.245956 33.912804 33.72624 33.512463 33.386654
topCen 0.009093046188354492 32.000896 31.464386 31.234983 29.648989 29.241894 29.055416
Random 2.86102294921875e-6 33.875473 33.621124 33.368366 31.91374 30.312641 30.12792

Data/Dolphins 62 159
3 0
1
Optimal 0.09337306022644043 32.299248

Data/Dolphins 62 159
3 1
1
Optimal 0.2339179515838623 30.287144

Data/Dolphins 62 159
3 2
1
Optimal 0.2482459545135498 29.083954

Data/Dolphins 62 159
3 3
1
Optimal 0.4313850402832031 28.052748

Data/Dolphins 62 159
3 4
1
Optimal 3.2243099212646484 27.145472

Data/Dolphins 62 159
3 5
1
Optimal 37.69214081764221 26.243134

Data/Dolphins 62 159
3 6
6
Optimal 410.82854413986206 25.457623
Exact 0.06679010391235352 30.287144 29.083954 28.052748 27.145472 26.243134 25.457623
Approx:0.5 1.6575798988342285 30.287144 29.164482 28.052748 27.262 26.474087 25.582767
topDegree 0.0021619796752929688 31.95467 31.706295 31.518785 31.361881 31.220055 31.111994
topCen 0.009061813354492188 30.287144 29.867958 29.686522 28.526978 28.215523 28.07087
Random 4.0531158447265625e-6 31.9434 31.14369 30.360224 30.085938 29.17958 28.874691

Data/Dolphins 62 159
3 0
1
Optimal 0.09202313423156738 32.56126

Data/Dolphins 62 159
3 1
1
Optimal 0.2327280044555664 30.63851

Data/Dolphins 62 159
3 2
1
Optimal 0.24897408485412598 29.094435

Data/Dolphins 62 159
3 3
1
Optimal 0.43880200386047363 27.83001

Data/Dolphins 62 159
3 4
1
Optimal 3.2088069915771484 26.856281

Data/Dolphins 62 159
3 5
1
Optimal 38.07430410385132 25.933292

Data/Dolphins 62 159
3 6
6
Optimal 413.27954483032227 25.098934
Exact 0.06753301620483398 30.63851 29.094435 27.83001 26.856281 25.933292 25.098934
Approx:0.5 1.6435182094573975 30.63851 29.094435 27.83001 26.856281 25.933292 25.105915
topDegree 0.0021910667419433594 32.302074 32.105694 31.875782 31.622576 31.468382 31.295395
topCen 0.009100914001464844 30.70229 30.234837 30.022003 28.5133 27.308275 26.983362
Random 3.814697265625e-6 31.595055 30.906658 29.345957 29.043657 28.704727 28.572786

Data/Dolphins 62 159
3 0
1
Optimal 0.09261107444763184 31.153393

Data/Dolphins 62 159
3 1
1
Optimal 0.23305988311767578 29.702147

Data/Dolphins 62 159
3 2
1
Optimal 0.2481389045715332 28.579788

Data/Dolphins 62 159
3 3
1
Optimal 0.4319579601287842 27.575567

Data/Dolphins 62 159
3 4
1
Optimal 3.213275909423828 26.605482

Data/Dolphins 62 159
3 5
1
Optimal 38.45640707015991 25.692642

Data/Dolphins 62 159
3 6
6
Optimal 417.5193340778351 24.813496
Exact 0.06687188148498535 29.702147 28.57979 27.575567 26.605482 25.692642 24.813496
Approx:0.5 1.6655240058898926 29.702147 28.57979 27.575567 26.740387 25.786764 24.863138
topDegree 0.0021791458129882812 30.756765 30.466702 30.107172 29.681698 29.46831 29.203268
topCen 0.009185075759887695 29.702147 29.376043 29.232138 28.366434 28.119 28.001781
Random 3.814697265625e-6 30.709494 30.36196 29.813715 29.260456 28.868666 28.368666

Data/Dolphins 62 159
3 0
1
Optimal 0.09166979789733887 36.158894

Data/Dolphins 62 159
3 1
1
Optimal 0.23222088813781738 32.71538

Data/Dolphins 62 159
3 2
1
Optimal 0.24751901626586914 30.56876

Data/Dolphins 62 159
3 3
1
Optimal 0.43132519721984863 28.92632

Data/Dolphins 62 159
3 4
1
Optimal 3.215830087661743 27.577425

Data/Dolphins 62 159
3 5
1
Optimal 38.09203505516052 26.503792

Data/Dolphins 62 159
3 6
6
Optimal 410.36450815200806 25.68149
Exact 0.06682419776916504 32.71538 30.78871 29.242348 27.975245 26.835936 25.92859
Approx:0.5 1.6838510036468506 32.779728 30.56876 29.06147 27.881214 26.86691 25.97969
topDegree 0.0021648406982421875 35.835674 35.59733 35.414307 35.248306 35.031807 34.87398
topCen 0.009114980697631836 32.779728 32.135178 31.861977 29.91899 29.434393 29.214283
Random 3.0994415283203125e-6 32.82473 32.1009 30.586405 29.827616 29.640139 28.858255

Data/Dolphins 62 159
3 0
1
Optimal 0.09172892570495605 37.040665

Data/Dolphins 62 159
3 1
1
Optimal 0.2324819564819336 34.788662

Data/Dolphins 62 159
3 2
1
Optimal 0.2499408721923828 33.06305

Data/Dolphins 62 159
3 3
1
Optimal 0.4351329803466797 31.587961

Data/Dolphins 62 159
3 4
1
Optimal 3.214055061340332 30.218239

Data/Dolphins 62 159
3 5
1
Optimal 38.38482093811035 28.957

Data/Dolphins 62 159
3 6
6
Optimal 417.1471309661865 27.749804
Exact 0.0681159496307373 34.788662 33.06305 31.587961 30.218239 28.957 27.749804
Approx:0.5 1.6613969802856445 34.788662 33.06305 31.598442 30.22878 28.97542 27.768166
topDegree 0.0021800994873046875 35.604675 34.71375 34.107056 33.42411 32.790382 32.42309
topCen 0.009163856506347656 34.788662 34.326187 34.126713 32.7735 32.415936 32.25071
Random 4.0531158447265625e-6 35.493767 35.00382 33.694054 33.065342 32.024303 31.729498

Data/Dolphins 62 159
3 0
1
Optimal 0.09140801429748535 31.129404

Data/Dolphins 62 159
3 1
1
Optimal 0.2339799404144287 29.772661

Data/Dolphins 62 159
3 2
1
Optimal 0.24908709526062012 28.614134

Data/Dolphins 62 159
3 3
1
Optimal 0.426861047744751 27.558832

Data/Dolphins 62 159
3 4
1
Optimal 3.201240062713623 26.592989

Data/Dolphins 62 159
3 5
1
Optimal 37.88579797744751 25.665926

Data/Dolphins 62 159
3 6
6
Optimal 409.2446641921997 24.773611
Exact 0.06627798080444336 29.772661 28.614134 27.558832 26.592989 25.665926 24.773611
Approx:0.5 1.6510670185089111 29.772661 28.614134 27.613329 26.657719 25.672056 24.800383
topDegree 0.0021359920501708984 30.5534 30.15238 29.708069 29.30199 29.04257 28.793894
topCen 0.009016990661621094 29.772661 29.465382 29.329496 28.545582 28.319723 28.212444
Random 4.0531158447265625e-6 30.629404 30.121693 29.734379 28.72948 28.33749 27.871572

Data/Dolphins 62 159
3 0
1
Optimal 0.09205007553100586 37.39798

Data/Dolphins 62 159
3 1
1
Optimal 0.23301482200622559 33.42143

Data/Dolphins 62 159
3 2
1
Optimal 0.24974298477172852 31.026089

Data/Dolphins 62 159
3 3
1
Optimal 0.42897796630859375 29.350395

Data/Dolphins 62 159
3 4
1
Optimal 3.247610092163086 27.902672

Data/Dolphins 62 159
3 5
1
Optimal 38.76007699966431 26.74049

Data/Dolphins 62 159
3 6
6
Optimal 415.2564170360565 25.852106
Exact 0.06733202934265137 33.42143 31.234913 29.740288 28.557766 27.427902 26.444208
Approx:0.5 1.657956838607788 33.444973 31.4316 29.858866 28.768476 27.660206 26.615757
topDegree 0.002162933349609375 36.824398 36.416393 36.11131 35.80365 35.549088 35.340553
topCen 0.012257099151611328 33.625862 32.918095 32.619205 30.456347 29.923925 29.682995
Random 3.0994415283203125e-6 36.511745 33.289703 32.821228 32.44347 30.408836 28.258013

Data/Dolphins 62 159
3 0
1
Optimal 0.0928049087524414 30.093058

Data/Dolphins 62 159
3 1
1
Optimal 0.2355668544769287 28.952066

Data/Dolphins 62 159
3 2
1
Optimal 0.24982690811157227 27.873104

Data/Dolphins 62 159
3 3
1
Optimal 0.4243490695953369 26.885494

Data/Dolphins 62 159
3 4
1
Optimal 3.217672109603882 25.957361

Data/Dolphins 62 159
3 5
1
Optimal 38.777743101119995 25.15644

Data/Dolphins 62 159
3 6
6
Optimal 413.7209961414337 24.41868
Exact 0.06617093086242676 28.952066 27.873104 26.885494 25.957361 25.15644 24.41868
Approx:0.5 1.651108980178833 28.952066 27.873104 27.028517 26.077333 25.15644 24.438725
topDegree 0.0021560192108154297 29.670475 29.36404 28.990742 28.564493 28.344847 28.081116
topCen 0.0117950439453125 29.013853 28.751204 28.63274 27.90968 27.697098 27.595436
Random 2.86102294921875e-6 29.753107 29.416702 28.362198 28.06883 27.343592 27.097624

Data/Dolphins 62 159
5 0
1
Optimal 0.09243988990783691 27.974264

Data/Dolphins 62 159
5 1
1
Optimal 0.2317371368408203 26.696882

Data/Dolphins 62 159
5 2
1
Optimal 0.24665498733520508 25.707232

Data/Dolphins 62 159
5 3
1
Optimal 0.40792417526245117 24.81668

Data/Dolphins 62 159
5 4
1
Optimal 2.7253870964050293 23.965776

Data/Dolphins 62 159
5 5
1
Optimal 30.76231288909912 23.138996

Data/Dolphins 62 159
5 6
6
Optimal 330.6288831233978 22.34106
Exact 0.06696295738220215 26.696882 25.707232 24.81668 23.965776 23.138996 22.34106
Approx:0.5 1.664513111114502 26.696882 25.771107 24.909815 23.998465 23.172264 22.3602
topDegree 0.00255584716796875 27.601936 27.332098 27.127552 26.967155 26.718256 26.535408
topCen 0.00981903076171875 26.696882 26.403114 26.272678 26.19897 26.15161 25.422434
Random 7.152557373046875e-6 27.584072 27.093088 26.768581 26.486607 25.709219 25.468143

Data/Dolphins 62 159
5 0
1
Optimal 0.09298992156982422 33.226818

Data/Dolphins 62 159
5 1
1
Optimal 0.23558902740478516 30.082367

Data/Dolphins 62 159
5 2
1
Optimal 0.24889087677001953 28.08409

Data/Dolphins 62 159
5 3
1
Optimal 0.404742956161499 26.485476

Data/Dolphins 62 159
5 4
1
Optimal 2.7339539527893066 25.199087

Data/Dolphins 62 159
5 5
1
Optimal 31.504617929458618 24.181467

Data/Dolphins 62 159
5 6
6
Optimal 333.5711998939514 23.469011
Exact 0.06676602363586426 30.082367 28.08409 26.485476 25.199087 24.181467 23.469011
Approx:0.5 1.656529188156128 30.102028 28.3019 26.834583 25.62055 24.498348 23.632597
topDegree 0.0024929046630859375 33.12977 33.052555 32.98966 32.894066 32.818245 32.72122
topCen 0.009730815887451172 30.082367 29.47599 29.21832 29.075737 28.985212 27.208464
Random 5.0067901611328125e-6 32.500393 32.400238 32.30985 29.60066 29.374895 29.15727

Data/Dolphins 62 159
5 0
1
Optimal 0.09276294708251953 29.127604

Data/Dolphins 62 159
5 1
1
Optimal 0.23331999778747559 27.164389

Data/Dolphins 62 159
5 2
1
Optimal 0.24956393241882324 25.9814

Data/Dolphins 62 159
5 3
1
Optimal 0.4049859046936035 24.979004

Data/Dolphins 62 159
5 4
1
Optimal 2.754318952560425 24.095718

Data/Dolphins 62 159
5 5
1
Optimal 31.293824911117554 23.365368

Data/Dolphins 62 159
5 6
6
Optimal 329.49362897872925 22.659893
Exact 0.06703400611877441 27.164389 25.9814 24.979004 24.095718 23.365368 22.659893
Approx:0.5 1.6618900299072266 27.164389 26.076488 24.979004 24.095718 23.418978 22.72585
topDegree 0.0024847984313964844 29.04726 28.984005 28.9329 28.890757 28.811268 28.68815
topCen 0.009708881378173828 27.164389 26.75403 26.576271 26.477018 26.413664 25.282454
Random 7.152557373046875e-6 29.040201 27.951006 27.735283 26.996489 26.849516 26.480373

Data/Dolphins 62 159
5 0
1
Optimal 0.09262299537658691 28.589842

Data/Dolphins 62 159
5 1
1
Optimal 0.23356986045837402 26.925379

Data/Dolphins 62 159
5 2
1
Optimal 0.25029516220092773 25.790173

Data/Dolphins 62 159
5 3
1
Optimal 0.40485692024230957 24.818794

Data/Dolphins 62 159
5 4
1
Optimal 2.7150540351867676 23.949335

Data/Dolphins 62 159
5 5
1
Optimal 31.45441198348999 23.206184

Data/Dolphins 62 159
5 6
6
Optimal 331.26405096054077 22.481895
Exact 0.06691193580627441 26.925379 25.790173 24.818794 23.949335 23.206184 22.481895
Approx:0.5 1.6592190265655518 26.925379 25.790173 24.916813 23.949335 23.22262 22.50001
topDegree 0.0025360584259033203 28.30697 28.098938 27.939508 27.813446 27.711248 27.562784
topCen 0.011060953140258789 26.925379 26.563442 26.405085 26.316254 26.259386 25.153427
Random 1.0013580322265625e-5 28.216164 28.035181 27.354382 26.635336 26.124754 25.793295

Data/Dolphins 62 159
5 0
1
Optimal 0.09273290634155273 26.35251

Data/Dolphins 62 159
5 1
1
Optimal 0.23525595664978027 25.237337

Data/Dolphins 62 159
5 2
1
Optimal 0.25045204162597656 24.280045

Data/Dolphins 62 159
5 3
1
Optimal 0.40770792961120605 23.580626

Data/Dolphins 62 159
5 4
1
Optimal 2.676466226577759 22.886198

Data/Dolphins 62 159
5 5
1
Optimal 32.55691909790039 22.216362

Data/Dolphins 62 159
5 6
6
Optimal 331.29879093170166 21.554699
Exact 0.06668782234191895 25.237337 24.280045 23.580626 22.886198 22.216362 21.554699
Approx:0.5 1.6462020874023438 25.237337 24.280045 23.584833 22.913557 22.216362 21.602919
topDegree 0.0024819374084472656 26.281418 26.22507 26.179304 26.0518 26.001993 25.909311
topCen 0.009649038314819336 25.85251 25.685844 25.60251 25.552511 24.437338 23.480045
Random 5.0067901611328125e-6 25.237337 24.541677 24.351507 23.894615 23.816776 23.7497

Data/Dolphins 62 159
5 0
1
Optimal 0.0928189754486084 27.505116

Data/Dolphins 62 159
5 1
1
Optimal 0.23364806175231934 26.235552

Data/Dolphins 62 159
5 2
1
Optimal 0.24885082244873047 25.139614

Data/Dolphins 62 159
5 3
1
Optimal 0.4100649356842041 24.1829

Data/Dolphins 62 159
5 4
1
Optimal 2.7517640590667725 23.321

Data/Dolphins 62 159
5 5
1
Optimal 31.44899010658264 22.50024

Data/Dolphins 62 159
5 6
6
Optimal 331.9131112098694 21.772472
Exact 0.06688785552978516 26.235552 25.139614 24.1829 23.321 22.50024 21.772472
Approx:0.5 1.663496971130371 26.407944 25.139614 24.287844 23.405157 22.50024 21.772472
topDegree 0.00251007080078125 27.108246 26.82059 26.602518 26.431509 26.203793 25.85723
topCen 0.009773969650268555 26.235552 25.94278 25.81269 25.739159 25.6919 25.1919
Random 5.9604644775390625e-6 26.914772 26.591133 26.079054 25.69094 25.362652 24.862652

Data/Dolphins 62 159
5 0
1
Optimal 0.09266519546508789 26.724436

Data/Dolphins 62 159
5 1
1
Optimal 0.23242998123168945 25.491674

Data/Dolphins 62 159
5 2
1
Optimal 0.25185585021972656 24.621492

Data/Dolphins 62 159
5 3
1
Optimal 0.4100010395050049 23.813822

Data/Dolphins 62 159
5 4
1
Optimal 2.6901211738586426 23.039042

Data/Dolphins 62 159
5 5
1
Optimal 31.203300952911377 22.312366

Data/Dolphins 62 159
5 6
6
Optimal 333.89161801338196 21.601036
Exact 0.06659603118896484 25.491674 24.621492 23.813822 23.03904 22.312366 21.601036
Approx:0.5 1.6552050113677979 25.491674 24.621492 23.813822 23.03904 22.312366 21.601036
topDegree 0.002526998519897461 26.44255 26.237339 26.081272 25.958574 25.859585 25.69511
topCen 0.009644031524658203 25.491674 25.205856 25.078665 25.006727 24.960472 24.460472
Random 6.9141387939453125e-6 26.528244 26.396332 25.62516 25.458946 24.958946 24.88649

Data/Dolphins 62 159
5 0
1
Optimal 0.09340190887451172 27.673494

Data/Dolphins 62 159
5 1
1
Optimal 0.2330489158630371 26.393606

Data/Dolphins 62 159
5 2
1
Optimal 0.2490229606628418 25.585396

Data/Dolphins 62 159
5 3
1
Optimal 0.4085960388183594 24.828646

Data/Dolphins 62 159
5 4
1
Optimal 2.726004123687744 24.08073

Data/Dolphins 62 159
5 5
1
Optimal 30.950008869171143 23.349556

Data/Dolphins 62 159
5 6
6
Optimal 325.63556003570557 22.628529
Exact 0.06676793098449707 26.393606 25.585396 24.828646 24.08073 23.349556 22.628529
Approx:0.5 1.647291898727417 26.393606 25.636562 24.828646 24.150337 23.402567 22.673948
topDegree 0.002485990524291992 27.566986 27.483862 27.417171 27.3625 27.30589 27.207785
topCen 0.009685039520263672 26.393606 26.099127 25.968359 25.894468 25.846983 25.346983
Random 6.198883056640625e-6 27.574917 26.933182 26.130697 25.970232 25.835365 25.091715

Data/Dolphins 62 159
5 0
1
Optimal 0.09363985061645508 33.410267

Data/Dolphins 62 159
5 1
1
Optimal 0.23444795608520508 30.351114

Data/Dolphins 62 159
5 2
1
Optimal 0.25023412704467773 28.409622

Data/Dolphins 62 159
5 3
1
Optimal 0.4018118381500244 26.840641

Data/Dolphins 62 159
5 4
1
Optimal 2.7277510166168213 25.576

Data/Dolphins 62 159
5 5
1
Optimal 31.009424924850464 24.576353

Data/Dolphins 62 159
5 6
6
Optimal 328.9060289859772 23.815958
Exact 0.06850194931030273 30.351114 28.409622 26.840641 25.576 24.576353 23.815958
Approx:0.5 1.6626999378204346 30.623196 28.549059 27.162342 25.870817 24.799839 24.040222
topDegree 0.003320932388305664 33.279785 33.176952 33.093826 32.963955 32.77749 32.639122
topCen 0.009894132614135742 30.351114 29.758245 29.506031 29.366392 29.27771 27.540993
Random 5.9604644775390625e-6 30.731564 30.017294 29.889685 29.703482 29.27182 29.103048

Data/Dolphins 62 159
5 0
1
Optimal 0.09434294700622559 26.523943

Data/Dolphins 62 159
5 1
1
Optimal 0.2333390712738037 25.163437

Data/Dolphins 62 159
5 2
1
Optimal 0.2495729923248291 24.3759

Data/Dolphins 62 159
5 3
1
Optimal 0.40474414825439453 23.635279

Data/Dolphins 62 159
5 4
1
Optimal 2.7353570461273193 22.967081

Data/Dolphins 62 159
5 5
1
Optimal 31.062691926956177 22.305838

Data/Dolphins 62 159
5 6
6
Optimal 331.00787115097046 21.663696
Exact 0.06672000885009766 25.163437 24.3759 23.635279 22.967081 22.305838 21.663696
Approx:0.5 1.6487889289855957 25.163437 24.492693 23.84887 23.27557 22.488396 21.75801
topDegree 0.0024580955505371094 26.446718 26.385445 26.335646 26.293623 26.259892 26.173111
topCen 0.009623050689697266 25.163437 24.8556 24.719511 24.642784 24.593536 23.814245
Random 6.9141387939453125e-6 25.163437 25.066011 24.858196 24.75556 24.088718 23.910555

Data/Lesmis 77 254
3 0
1
Optimal 0.09265804290771484 43.424545

Data/Lesmis 77 254
3 1
1
Optimal 0.2344350814819336 41.137527

Data/Lesmis 77 254
3 2
1
Optimal 0.2637758255004883 39.297157

Data/Lesmis 77 254
3 3
1
Optimal 0.7362358570098877 37.72463

Data/Lesmis 77 254
3 4
1
Optimal 9.703953981399536 36.484844

Data/Lesmis 77 254
3 5
1
Optimal 149.50222492218018 35.343037

Data/Lesmis 77 254
3 6
6
Optimal 1986.5067048072815 34.31483
Exact 0.06937408447265625 41.137527 39.297157 37.965626 36.822132 35.72795 34.77761
Approx:0.5 1.6988708972930908 41.156986 39.31338 37.72463 36.484844 35.343037 34.31483
topDegree 0.002583026885986328 42.965588 42.59427 42.28769 42.175255 42.066048 41.86783
topCen 0.009566068649291992 41.57423 41.217182 41.065434 38.80625 38.272697 38.03405
Random 4.0531158447265625e-6 42.86411 42.751213 42.531815 42.27624 40.12752 39.87299

Data/Lesmis 77 254
3 0
1
Optimal 0.09289097785949707 42.93252

Data/Lesmis 77 254
3 1
1
Optimal 0.23366808891296387 40.788307

Data/Lesmis 77 254
3 2
1
Optimal 0.2654421329498291 39.121643

Data/Lesmis 77 254
3 3
1
Optimal 0.7324221134185791 37.593643

Data/Lesmis 77 254
3 4
1
Optimal 9.767084836959839 36.390095

Data/Lesmis 77 254
3 5
1
Optimal 152.01863598823547 35.306625

Data/Lesmis 77 254
3 6
6
Optimal 2066.43057179451 34.299553
Exact 0.06669306755065918 40.788307 39.121643 37.593643 36.390095 35.306625 34.299553
Approx:0.5 1.6651380062103271 40.788307 39.26031 37.593647 36.39009 35.306625 34.299553
topDegree 0.002276182174682617 42.60945 42.33998 42.24715 42.09218 41.965187 41.869987
topCen 0.009532928466796875 41.265858 40.93252 40.789665 38.64545 38.134792 37.905853
Random 4.0531158447265625e-6 42.46104 41.936253 41.715942 41.551243 40.57364 40.51522

Data/Lesmis 77 254
3 0
1
Optimal 0.09422612190246582 53.40895

Data/Lesmis 77 254
3 1
1
Optimal 0.23571419715881348 49.420498

Data/Lesmis 77 254
3 2
1
Optimal 0.2635691165924072 46.44905

Data/Lesmis 77 254
3 3
1
Optimal 0.7453598976135254 44.135563

Data/Lesmis 77 254
3 4
1
Optimal 9.916146039962769 42.3358

Data/Lesmis 77 254
3 5
1
Optimal 153.4786560535431 40.79013

Data/Lesmis 77 254
3 6
6
Optimal 2088.1407120227814 39.384026
Exact 0.06663298606872559 49.420498 46.50296 44.17359 42.380665 40.83031 39.4238
Approx:0.5 1.7138400077819824 49.420498 46.833546 44.173584 42.380665 40.861965 39.4238
topDegree 0.0023920536041259766 49.940155 47.68636 45.554504 44.170517 43.199577 42.287346
topCen 0.009702205657958984 49.678688 49.024662 48.75256 47.3996 47.026176 46.851246
Random 5.0067901611328125e-6 51.944023 48.249977 46.38991 44.546135 42.91494 41.89025

Data/Lesmis 77 254
3 0
1
Optimal 0.09284710884094238 43.346085

Data/Lesmis 77 254
3 1
1
Optimal 0.2363879680633545 41.167416

Data/Lesmis 77 254
3 2
1
Optimal 0.2642548084259033 39.343143

Data/Lesmis 77 254
3 3
1
Optimal 0.7391259670257568 37.79922

Data/Lesmis 77 254
3 4
1
Optimal 9.859606981277466 36.586163

Data/Lesmis 77 254
3 5
1
Optimal 151.11508202552795 35.479073

Data/Lesmis 77 254
3 6
6
Optimal 2020.1457879543304 34.46661
Exact 0.06657004356384277 41.167416 39.343143 37.79922 36.586163 35.479073 34.46661
Approx:0.5 1.6791818141937256 41.167416 39.34315 37.79922 36.683914 35.479073 34.466606
topDegree 0.002341032028198242 42.985306 42.687016 42.592583 42.390255 42.22769 42.09424
topCen 0.009624004364013672 41.51783 41.164402 41.014133 38.840446 38.323902 38.092472
Random 4.0531158447265625e-6 42.985306 42.46637 42.41363 42.027004 41.855225 39.780167

Data/Lesmis 77 254
3 0
1
Optimal 0.0937809944152832 42.991314

Data/Lesmis 77 254
3 1
1
Optimal 0.23686909675598145 40.952522

Data/Lesmis 77 254
3 2
1
Optimal 0.2641739845275879 39.047684

Data/Lesmis 77 254
3 3
1
Optimal 0.7218921184539795 37.5778

Data/Lesmis 77 254
3 4
1
Optimal 9.422788143157959 36.409157

Data/Lesmis 77 254
3 5
1
Optimal 144.4496500492096 35.37511

Data/Lesmis 77 254
3 6
6
Optimal 1925.1670079231262 34.389046
Exact 0.0676729679107666 40.952522 39.047684 37.5778 36.40916 35.375107 34.389046
Approx:0.5 1.7027950286865234 40.952522 39.047688 37.5778 36.409157 35.42028 34.547283
topDegree 0.0022809505462646484 42.77201 42.59466 42.451733 42.33396 42.232582 42.148
topCen 0.009592056274414062 41.081688 40.71702 40.5624 38.529564 38.041245 37.821796
Random 3.814697265625e-6 42.8755 42.628258 41.374947 41.076218 40.321857 38.32363

Data/Lesmis 77 254
3 0
1
Optimal 0.09475493431091309 44.713947

Data/Lesmis 77 254
3 1
1
Optimal 0.2341938018798828 42.550865

Data/Lesmis 77 254
3 2
1
Optimal 0.26611900329589844 41.017727

Data/Lesmis 77 254
3 3
1
Optimal 0.7388460636138916 39.751442

Data/Lesmis 77 254
3 4
1
Optimal 10.120742797851562 38.593662

Data/Lesmis 77 254
3 5
1
Optimal 156.529217004776 37.60243

Data/Lesmis 77 254
3 6
6
Optimal 2112.12641787529 36.643005
Exact 0.06845498085021973 42.550865 41.017727 39.751442 38.593662 37.60243 36.643
Approx:0.5 1.7282688617706299 42.550865 41.017727 39.75969 38.805992 37.817173 36.698532
topDegree 0.002338886260986328 43.68813 42.912243 42.38838 41.979927 41.519215 41.16239
topCen 0.009752988815307617 42.550865 42.14393 41.971996 40.949867 40.66492 40.53098
Random 5.9604644775390625e-6 43.490273 42.497345 42.19831 41.55994 40.8322 39.97627

Data/Lesmis 77 254
3 0
1
Optimal 0.09442877769470215 52.197132

Data/Lesmis 77 254
3 1
1
Optimal 0.23829102516174316 48.97535

Data/Lesmis 77 254
3 2
1
Optimal 0.26403093338012695 46.156193

Data/Lesmis 77 254
3 3
1
Optimal 0.7467129230499268 44.085827

Data/Lesmis 77 254
3 4
1
Optimal 9.993417024612427 42.36194

Data/Lesmis 77 254
3 5
1
Optimal 156.1337389945984 40.744434

Data/Lesmis 77 254
3 6
6
Optimal 2114.1799609661102 39.37466
Exact 0.06677412986755371 48.97535 46.156193 44.12366 42.42133 40.818447 39.488754
Approx:0.5 1.6938509941101074 49.010273 46.45672 44.700848 42.77002 41.33755 40.07495
topDegree 0.002349853515625 49.02889 46.97499 45.535385 44.29814 43.42871 42.78427
topCen 0.009741067886352539 48.98252 48.407333 48.16696 46.19599 45.689423 45.4573
Random 5.0067901611328125e-6 49.53308 47.40264 45.94223 44.79998 43.6815 42.98611

Data/Lesmis 77 254
3 0
1
Optimal 0.0943441390991211 48.188843

Data/Lesmis 77 254
3 1
1
Optimal 0.23685598373413086 45.31134

Data/Lesmis 77 254
3 2
1
Optimal 0.2670860290527344 42.908737

Data/Lesmis 77 254
3 3
1
Optimal 0.747197151184082 41.319748

Data/Lesmis 77 254
3 4
1
Optimal 10.42570185661316 39.909702

Data/Lesmis 77 254
3 5
1
Optimal 155.310124874115 38.580925

Data/Lesmis 77 254
3 6
6
Optimal 2125.89448094368 37.408955
Exact 0.0668189525604248 45.31134 42.908737 41.45796 40.070385 38.89615 37.746136
Approx:0.5 1.7018280029296875 45.31134 42.908737 41.45796 40.070385 38.905445 37.746136
topDegree 0.002415895462036133 47.09345 46.25321 45.26322 44.558056 44.03027 43.58831
topCen 0.00975179672241211 45.68457 45.225616 45.03283 42.455444 41.854668 41.586926
Random 5.0067901611328125e-6 47.057327 46.107002 45.151676 44.68338 42.374172 41.543987

Data/Lesmis 77 254
3 0
1
Optimal 0.09350419044494629 46.593113

Data/Lesmis 77 254
3 1
1
Optimal 0.2352280616760254 43.990818

Data/Lesmis 77 254
3 2
1
Optimal 0.2650918960571289 41.79323

Data/Lesmis 77 254
3 3
1
Optimal 0.7457690238952637 40.211884

Data/Lesmis 77 254
3 4
1
Optimal 9.920877933502197 38.910057

Data/Lesmis 77 254
3 5
1
Optimal 161.98274898529053 37.832203

Data/Lesmis 77 254
3 6
6
Optimal 2061.8899869918823 36.834232
Exact 0.06773591041564941 43.990818 41.79323 40.397034 39.251175 38.252037 37.27142
Approx:0.5 1.7000069618225098 44.115974 41.899136 40.211887 38.910057 37.832203 36.89599
topDegree 0.0023300647735595703 45.7945 45.03716 44.480465 44.05401 43.761726 43.42212
topCen 0.00969386100769043 44.337715 43.918407 43.74172 41.31238 40.74266 40.488316
Random 5.0067901611328125e-6 45.82986 45.20877 44.70877 44.05798 43.53249 43.11498

Data/Lesmis 77 254
3 0
1
Optimal 0.09351301193237305 63.498066

Data/Lesmis 77 254
3 1
1
Optimal 0.2342839241027832 55.26602

Data/Lesmis 77 254
3 2
1
Optimal 0.26459193229675293 50.724453

Data/Lesmis 77 254
3 3
1
Optimal 0.7458369731903076 47.551052

Data/Lesmis 77 254
3 4
1
Optimal 10.031329154968262 45.101635

Data/Lesmis 77 254
3 5
1
Optimal 154.2755229473114 43.178844

Data/Lesmis 77 254
3 6
6
Optimal 2111.090669155121 41.50827
Exact 0.06760787963867188 55.26602 50.724453 47.619995 45.102257 43.2158 41.598312
Approx:0.5 1.714656114578247 55.26602 50.724453 47.619995 45.102257 43.40697 41.85973
topDegree 0.002393007278442383 56.39013 51.31258 48.47 46.652992 45.022453 43.914272
topCen 0.009819984436035156 57.695385 56.726776 56.32783 53.63788 52.957855 52.64769
Random 5.0067901611328125e-6 60.260628 53.48063 49.28004 46.56081 45.201496 43.086018

Data/Lesmis 77 254
5 0
1
Optimal 0.09534788131713867 41.630424

Data/Lesmis 77 254
5 1
1
Optimal 0.23685002326965332 39.79813

Data/Lesmis 77 254
5 2
1
Optimal 0.26545286178588867 38.204967

Data/Lesmis 77 254
5 3
1
Optimal 0.6794710159301758 36.74485

Data/Lesmis 77 254
5 4
1
Optimal 8.52278184890747 35.532215

Data/Lesmis 77 254
5 5
1
Optimal 132.00457787513733 34.4217

Data/Lesmis 77 254
5 6
6
Optimal 1712.187970161438 33.408607
Exact 0.06777095794677734 39.79813 38.204967 36.74485 35.532215 34.4217 33.408607
Approx:0.5 1.7248311042785645 39.914852 38.209885 36.927414 35.83165 34.72413 33.69853
topDegree 0.002810955047607422 40.13508 39.053593 38.234993 37.59384 36.79654 36.21896
topCen 0.010637044906616211 40.487312 40.169437 40.02015 39.933456 39.87679 38.946022
Random 7.867813110351562e-6 39.914852 38.508198 37.363083 36.996273 35.968075 35.073017

Data/Lesmis 77 254
5 0
1
Optimal 0.09505510330200195 38.20488

Data/Lesmis 77 254
5 1
1
Optimal 0.2385730743408203 36.899136

Data/Lesmis 77 254
5 2
1
Optimal 0.2671511173248291 35.684887

Data/Lesmis 77 254
5 3
1
Optimal 0.681797981262207 34.613358

Data/Lesmis 77 254
5 4
1
Optimal 8.552243947982788 33.680943

Data/Lesmis 77 254
5 5
1
Optimal 131.30042695999146 32.753746

Data/Lesmis 77 254
5 6
6
Optimal 1711.020420074463 31.918507
Exact 0.0681600570678711 36.899136 35.684887 34.613358 33.68094 32.753742 31.918507
Approx:0.5 1.687459945678711 36.899136 35.684887 34.613358 33.681667 32.753742 31.918507
topDegree 0.002844095230102539 37.752613 37.386173 37.08318 36.82853 36.721947 36.631
topCen 0.011603832244873047 36.899136 36.55285 36.392635 36.30029 36.240215 35.2494
Random 7.867813110351562e-6 37.417984 36.81045 36.351868 36.00158 35.709415 35.311687

Data/Lesmis 77 254
5 0
1
Optimal 0.09528493881225586 38.159832

Data/Lesmis 77 254
5 1
1
Optimal 0.23606204986572266 36.263897

Data/Lesmis 77 254
5 2
1
Optimal 0.26589512825012207 35.0857

Data/Lesmis 77 254
5 3
1
Optimal 0.6751871109008789 34.14277

Data/Lesmis 77 254
5 4
1
Optimal 8.63094711303711 33.295776

Data/Lesmis 77 254
5 5
1
Optimal 131.06827402114868 32.51413

Data/Lesmis 77 254
5 6
6
Optimal 1712.579479932785 31.73609
Exact 0.06717991828918457 36.263897 35.0857 34.14277 33.295776 32.51413 31.736088
Approx:0.5 1.693634033203125 36.263897 35.0857 34.14277 33.295776 32.51413 31.73609
topDegree 0.002792835235595703 37.791756 37.49015 37.238514 37.025387 36.873833 36.747543
topCen 0.010493993759155273 36.263897 35.900433 35.7462 35.660908 35.60678 34.658005
Random 5.9604644775390625e-6 37.986664 37.5269 36.585995 36.45605 35.761322 35.353374

Data/Lesmis 77 254
5 0
1
Optimal 0.09408807754516602 42.1687

Data/Lesmis 77 254
5 1
1
Optimal 0.23682904243469238 40.015083

Data/Lesmis 77 254
5 2
1
Optimal 0.26813292503356934 38.025536

Data/Lesmis 77 254
5 3
1
Optimal 0.6856012344360352 36.498432

Data/Lesmis 77 254
5 4
1
Optimal 8.474609851837158 35.295315

Data/Lesmis 77 254
5 5
1
Optimal 130.31136298179626 34.20393

Data/Lesmis 77 254
5 6
6
Optimal 1690.6300370693207 33.197205
Exact 0.0705709457397461 40.015083 38.02554 36.498436 35.295315 34.20393 33.1972
Approx:0.5 1.6882901191711426 40.015083 38.02554 36.498436 35.295315 34.28378 33.197205
topDegree 0.0027501583099365234 41.828304 41.544643 41.30463 41.013157 40.783875 40.598797
topCen 0.010446786880493164 40.167652 39.789303 39.62927 39.54091 39.48487 37.346268
Random 6.9141387939453125e-6 41.7162 41.37765 41.12097 40.832226 40.595337 39.64995

Data/Lesmis 77 254
5 0
1
Optimal 0.09433388710021973 38.432636

Data/Lesmis 77 254
5 1
1
Optimal 0.23999404907226562 36.514893

Data/Lesmis 77 254
5 2
1
Optimal 0.26538681983947754 35.273197

Data/Lesmis 77 254
5 3
1
Optimal 0.6818780899047852 34.177593

Data/Lesmis 77 254
5 4
1
Optimal 8.53610897064209 33.144035

Data/Lesmis 77 254
5 5
1
Optimal 131.21892404556274 32.23857

Data/Lesmis 77 254
5 6
6
Optimal 1717.1383378505707 31.407434
Exact 0.06790685653686523 36.514893 35.273197 34.177593 33.144035 32.23857 31.407434
Approx:0.5 1.6930911540985107 36.514893 35.273197 34.177593 33.144035 32.23857 31.420021
topDegree 0.0037450790405273438 38.15983 37.93166 37.73799 37.571564 37.39534 37.251205
topCen 0.010615110397338867 36.514893 36.148834 35.993656 35.90787 35.853443 34.612747
Random 8.106231689453125e-6 38.060863 37.779827 37.22971 36.55577 36.33494 36.260735

Data/Lesmis 77 254
5 0
1
Optimal 0.09575605392456055 41.04376

Data/Lesmis 77 254
5 1
1
Optimal 0.23447203636169434 38.929245

Data/Lesmis 77 254
5 2
1
Optimal 0.2673628330230713 37.121834

Data/Lesmis 77 254
5 3
1
Optimal 0.6819040775299072 35.61215

Data/Lesmis 77 254
5 4
1
Optimal 8.557517051696777 34.42024

Data/Lesmis 77 254
5 5
1
Optimal 131.67572498321533 33.352333

Data/Lesmis 77 254
5 6
6
Optimal 1727.2567389011383 32.352795
Exact 0.07278203964233398 38.929245 37.121834 35.612144 34.42024 33.352333 32.35279
Approx:0.5 1.6973700523376465 38.92924 37.41801 35.61215 34.42024 33.352337 32.35279
topDegree 0.0027430057525634766 40.767487 40.535954 40.339104 40.169685 40.105614 40.050186
topCen 0.010480165481567383 39.233578 38.882896 38.733734 38.651123 38.598682 36.487797
Random 8.106231689453125e-6 40.330147 38.243862 38.207607 38.08281 37.6331 37.57911

Data/Lesmis 77 254
5 0
1
Optimal 0.09853720664978027 38.146976

Data/Lesmis 77 254
5 1
1
Optimal 0.23772716522216797 36.292522

Data/Lesmis 77 254
5 2
1
Optimal 0.2678689956665039 35.08484

Data/Lesmis 77 254
5 3
1
Optimal 0.6790101528167725 34.020813

Data/Lesmis 77 254
5 4
1
Optimal 8.541051864624023 33.00814

Data/Lesmis 77 254
5 5
1
Optimal 131.3325159549713 32.11732

Data/Lesmis 77 254
5 6
6
Optimal 1709.0669450759888 31.283903
Exact 0.06832218170166016 36.292522 35.08484 34.020813 33.00814 32.11732 31.283903
Approx:0.5 1.6943659782409668 36.292522 35.084843 34.020813 33.00814 32.117325 31.442127
topDegree 0.002808094024658203 37.964474 37.80814 37.67273 37.554306 37.443413 37.350086
topCen 0.010415077209472656 36.292522 35.935734 35.784206 35.700367 35.64716 34.439972
Random 6.9141387939453125e-6 38.03418 37.57055 37.40899 36.215416 36.069023 34.885292

Data/Lesmis 77 254
5 0
1
Optimal 0.09424114227294922 41.202614

Data/Lesmis 77 254
5 1
1
Optimal 0.23976397514343262 39.215508

Data/Lesmis 77 254
5 2
1
Optimal 0.2630760669708252 37.435207

Data/Lesmis 77 254
5 3
1
Optimal 0.6597800254821777 35.991123

Data/Lesmis 77 254
5 4
1
Optimal 8.124541997909546 34.838364

Data/Lesmis 77 254
5 5
1
Optimal 123.59377312660217 33.82517

Data/Lesmis 77 254
5 6
6
Optimal 1570.4717109203339 32.84906
Exact 0.06891584396362305 39.215508 37.435207 35.991123 34.838364 33.82517 32.84906
Approx:0.5 1.7121880054473877 39.215508 37.435207 35.991123 34.838364 33.860092 32.994614
topDegree 0.002724885940551758 41.1603 41.12323 41.097343 41.006615 40.930656 40.866108
topCen 0.010338068008422852 39.421658 39.075237 38.92775 38.846066 38.794163 36.807915
Random 7.867813110351562e-6 39.421658 39.399006 39.21547 39.146137 38.269672 37.99725

Data/Lesmis 77 254
5 0
1
Optimal 0.09696102142333984 36.75886

Data/Lesmis 77 254
5 1
1
Optimal 0.2395460605621338 34.84685

Data/Lesmis 77 254
5 2
1
Optimal 0.262706995010376 33.776974

Data/Lesmis 77 254
5 3
1
Optimal 0.6770570278167725 33.024906

Data/Lesmis 77 254
5 4
1
Optimal 8.435861110687256 32.309875

Data/Lesmis 77 254
5 5
1
Optimal 131.69734621047974 31.671055

Data/Lesmis 77 254
5 6
6
Optimal 1690.9870591163635 31.035799
Exact 0.06917095184326172 34.84685 33.776974 33.024906 32.309875 31.671055 31.035799
Approx:0.5 1.6928648948669434 34.84685 33.776974 33.024906 32.309875 31.671055 31.042677
topDegree 0.002755880355834961 36.57113 36.41079 36.272297 36.089962 35.941902 35.81929
topCen 0.010464906692504883 34.84685 34.482067 34.327442 34.241974 34.187744 33.687744
Random 7.867813110351562e-6 36.635654 35.98315 35.57707 35.45315 34.95315 34.76481

Data/Lesmis 77 254
5 0
1
Optimal 0.09536409378051758 38.75386

Data/Lesmis 77 254
5 1
1
Optimal 0.23604702949523926 36.81251

Data/Lesmis 77 254
5 2
1
Optimal 0.26673293113708496 35.862568

Data/Lesmis 77 254
5 3
1
Optimal 0.6843597888946533 35.01207

Data/Lesmis 77 254
5 4
1
Optimal 8.507293939590454 34.2181

Data/Lesmis 77 254
5 5
1
Optimal 131.08371591567993 33.437897

Data/Lesmis 77 254
5 6
6
Optimal 1708.8998820781708 32.66634
Exact 0.0675349235534668 36.81251 35.862568 35.01207 34.2181 33.437897 32.66634
Approx:0.5 1.6862058639526367 36.81251 35.862568 35.01207 34.234795 33.454483 32.7249
topDegree 0.0028450489044189453 38.544846 38.36586 38.12412 37.930122 37.770985 37.63811
topCen 0.01054692268371582 36.81251 36.443024 36.28648 36.19999 36.145107 35.195408
Random 6.9141387939453125e-6 38.43522 37.66134 37.49693 37.073586 36.913586 35.969456

Data/Chicago 823 822
5 0
1
Random 3.4809112548828125e-5

