1 5
1 6
1 8
1 15
1 16
1 18
1 21
1 25
1 26
1 29
1 30
1 36
1 38
1 41
1 42
2 3
2 5
2 6
2 7
2 8
2 17
2 39
3 5
3 6
3 7
3 8
3 14
3 15
3 17
3 20
3 21
3 30
3 32
3 36
3 37
3 38
4 6
4 7
4 11
4 14
4 17
4 38
4 43
5 6
5 7
5 8
5 11
5 12
5 14
5 15
5 16
5 17
5 18
5 21
5 22
5 23
5 24
5 26
5 29
5 30
5 31
5 32
5 38
5 39
5 41
5 43
6 7
6 8
6 11
6 14
6 15
6 16
6 17
6 18
6 20
6 21
6 24
6 25
6 26
6 29
6 30
6 31
6 32
6 33
6 34
6 35
6 38
6 39
6 40
6 41
6 42
6 43
7 8
7 13
7 14
7 15
7 16
7 17
7 18
7 20
7 21
7 22
7 23
7 24
7 26
7 30
7 31
7 32
7 34
7 35
7 37
7 38
7 39
7 41
7 42
8 12
8 15
8 16
8 17
8 24
8 26
8 31
8 34
8 36
8 38
8 41
9 10
9 12
9 13
9 18
9 19
9 23
9 25
9 27
9 28
9 35
10 13
10 19
10 25
10 27
10 28
10 29
11 14
11 15
11 31
11 38
12 13
12 15
12 17
12 18
12 19
12 22
12 23
12 24
12 25
12 26
12 27
12 29
12 34
12 35
12 40
12 43
13 18
13 19
13 21
13 23
13 25
13 26
13 27
13 28
13 29
13 30
13 33
13 34
13 35
13 36
13 42
14 15
14 17
14 20
14 21
14 26
14 30
14 31
14 38
14 39
14 41
14 43
15 16
15 17
15 20
15 21
15 22
15 24
15 26
15 29
15 30
15 31
15 32
15 34
15 37
15 38
15 41
15 43
16 17
16 23
16 26
16 39
16 41
17 26
17 27
17 31
17 38
17 39
17 41
17 43
18 19
18 21
18 22
18 23
18 24
18 25
18 26
18 27
18 28
18 29
18 30
18 32
18 33
18 34
18 35
18 36
18 40
18 42
18 43
19 22
19 23
19 24
19 25
19 27
19 35
20 26
21 24
21 25
21 26
21 28
21 29
21 30
21 34
21 35
21 37
21 38
21 42
21 43
22 23
22 24
22 25
22 26
22 27
22 29
23 24
23 25
23 27
23 28
23 31
23 33
23 34
23 35
24 25
24 26
24 27
24 29
24 34
24 35
24 37
24 39
25 26
25 27
25 28
25 29
25 30
25 33
25 34
25 35
25 36
25 42
25 43
26 29
26 30
26 34
26 35
26 38
26 41
26 42
26 43
27 35
28 29
28 33
28 34
28 35
28 36
28 42
29 30
29 33
29 34
29 35
29 36
29 37
29 38
29 39
29 40
29 42
30 31
30 36
30 38
30 42
31 38
31 41
32 37
32 38
33 34
33 35
33 40
34 35
34 36
34 40
34 42
35 36
35 40
35 42
36 42
36 43
38 40
38 41
38 43
42 43
